"Wavelength (nm)"	"Reflectance"
380	0,491894
380,5	0,488264
381	0,478477
381,5	0,470549
382	0,464403
382,5	0,457335
383	0,450293
383,5	0,444062
384	0,437928
384,5	0,429335
385	0,419549
385,5	0,411381
386	0,406055
386,5	0,399362
387	0,388445
387,5	0,377924
388	0,36923
388,5	0,361623
389	0,354341
389,5	0,347342
390	0,340855
390,5	0,33474
391	0,327621
391,5	0,318851
392	0,310315
392,5	0,302515
393	0,295171
393,5	0,288231
394	0,281421
394,5	0,274556
395	0,2678
395,5	0,260431
396	0,25246
396,5	0,246159
397	0,241951
397,5	0,238489
398	0,233504
398,5	0,227615
399	0,222474
399,5	0,218468
400	0,215159
400,5	0,212371
401	0,211006
401,5	0,210268
402	0,209143
402,5	0,208101
403	0,20741
403,5	0,207107
404	0,207132
404,5	0,206992
405	0,206813
405,5	0,208137
406	0,210574
406,5	0,213241
407	0,216337
407,5	0,219204
408	0,221429
408,5	0,223971
409	0,227193
409,5	0,230842
410	0,234341
410,5	0,237987
411	0,242122
411,5	0,246411
412	0,251227
412,5	0,256741
413	0,262061
413,5	0,266488
414	0,270215
414,5	0,274602
415	0,279779
415,5	0,285419
416	0,291466
416,5	0,29737
417	0,302675
417,5	0,307557
418	0,312507
418,5	0,317636
419	0,32231
419,5	0,326652
420	0,331167
420,5	0,336235
421	0,341264
421,5	0,345835
422	0,350435
422,5	0,355284
423	0,360216
423,5	0,364757
424	0,368829
424,5	0,372561
425	0,376137
425,5	0,379773
426	0,383536
426,5	0,387256
427	0,390777
427,5	0,394001
428	0,396921
428,5	0,399686
429	0,402403
429,5	0,405015
430	0,407313
430,5	0,4093
431	0,411321
431,5	0,413659
432	0,416211
432,5	0,418476
433	0,420289
433,5	0,421556
434	0,42223
434,5	0,422782
435	0,423608
435,5	0,424746
436	0,425843
436,5	0,426458
437	0,4264
437,5	0,426465
438	0,427018
438,5	0,427587
439	0,427469
439,5	0,426555
440	0,425458
440,5	0,424964
441	0,42489
441,5	0,424334
442	0,423449
442,5	0,422548
443	0,421751
443,5	0,420835
444	0,419616
444,5	0,418116
445	0,416694
445,5	0,41532
446	0,413708
446,5	0,412012
447	0,410194
447,5	0,408133
448	0,406127
448,5	0,404102
449	0,401801
449,5	0,399429
450	0,396964
450,5	0,394245
451	0,391363
451,5	0,388372
452	0,385342
452,5	0,382501
453	0,379743
453,5	0,376762
454	0,373367
454,5	0,369655
455	0,365835
455,5	0,362006
456	0,358352
456,5	0,354922
457	0,351414
457,5	0,347755
458	0,343978
458,5	0,340041
459	0,335962
459,5	0,331682
460	0,327009
460,5	0,3223
461	0,31784
461,5	0,313384
462	0,308926
462,5	0,304463
463	0,299837
463,5	0,295074
464	0,290199
464,5	0,285149
465	0,28011
465,5	0,275225
466	0,270458
466,5	0,265763
467	0,261107
467,5	0,256454
468	0,251666
468,5	0,246672
469	0,241522
469,5	0,236281
470	0,23113
470,5	0,226257
471	0,221394
471,5	0,21659
472	0,212127
472,5	0,207535
473	0,202835
473,5	0,198436
474	0,19399
474,5	0,189503
475	0,185256
475,5	0,180985
476	0,176788
476,5	0,172947
477	0,169216
477,5	0,165478
478	0,161765
478,5	0,158075
479	0,154503
479,5	0,151135
480	0,147875
480,5	0,14465
481	0,14149
481,5	0,138566
482	0,135886
482,5	0,133452
483	0,131401
483,5	0,129492
484	0,127548
484,5	0,12581
485	0,124245
485,5	0,122789
486	0,121555
486,5	0,120557
487	0,119716
487,5	0,118922
488	0,118285
488,5	0,117847
489	0,117502
489,5	0,117359
490	0,117485
490,5	0,117805
491	0,118214
491,5	0,118767
492	0,119605
492,5	0,1205
493	0,121472
493,5	0,122747
494	0,124112
494,5	0,125578
495	0,12731
495,5	0,12906
496	0,130837
496,5	0,132816
497	0,134875
497,5	0,137053
498	0,139454
498,5	0,141976
499	0,144603
499,5	0,14732
500	0,149982
500,5	0,152713
501	0,155656
501,5	0,158672
502	0,161741
502,5	0,164889
503	0,168091
503,5	0,171337
504	0,174648
504,5	0,178064
505	0,181566
505,5	0,185132
506	0,188747
506,5	0,192285
507	0,195658
507,5	0,198935
508	0,202421
508,5	0,206194
509	0,21002
509,5	0,213775
510	0,21737
510,5	0,220776
511	0,224171
511,5	0,227703
512	0,231377
512,5	0,234976
513	0,238496
513,5	0,242036
514	0,245457
514,5	0,24884
515	0,252358
515,5	0,255946
516	0,259402
516,5	0,262676
517	0,266089
517,5	0,269344
518	0,272315
518,5	0,275668
519	0,27896
519,5	0,281811
520	0,284734
520,5	0,287771
521	0,290796
521,5	0,293774
522	0,296767
522,5	0,299692
523	0,302352
523,5	0,305041
524	0,307878
524,5	0,310656
525	0,313208
525,5	0,315546
526	0,317795
526,5	0,319951
527	0,322096
527,5	0,324351
528	0,326679
528,5	0,328992
529	0,331235
529,5	0,333431
530	0,335413
530,5	0,3371
531	0,338813
531,5	0,340511
532	0,342111
532,5	0,343814
533	0,345618
533,5	0,347426
534	0,34914
534,5	0,3506
535	0,351834
535,5	0,353076
536	0,354223
536,5	0,355334
537	0,356638
537,5	0,357768
538	0,358671
538,5	0,359632
539	0,360472
539,5	0,36115
540	0,361811
540,5	0,362516
541	0,363313
541,5	0,364172
542	0,364894
542,5	0,365528
543	0,366124
543,5	0,36643
544	0,366682
544,5	0,367053
545	0,367175
545,5	0,3673
546	0,367586
546,5	0,367665
547	0,367637
547,5	0,367578
548	0,367329
548,5	0,36699
549	0,366694
549,5	0,366487
550	0,366291
550,5	0,366002
551	0,365574
551,5	0,365125
552	0,364662
552,5	0,364147
553	0,363721
553,5	0,363286
554	0,362689
554,5	0,362034
555	0,361246
555,5	0,360306
556	0,359487
556,5	0,358621
557	0,357584
557,5	0,356612
558	0,355445
558,5	0,354052
559	0,352878
559,5	0,351778
560	0,350617
560,5	0,349466
561	0,348293
561,5	0,347014
562	0,345573
562,5	0,344063
563	0,342605
563,5	0,341217
564	0,339658
564,5	0,338061
565	0,336627
565,5	0,335103
566	0,333408
566,5	0,331587
567	0,329671
567,5	0,327599
568	0,325423
568,5	0,32339
569	0,32154
569,5	0,319733
570	0,317773
570,5	0,315775
571	0,313783
571,5	0,311687
572	0,309465
572,5	0,307255
573	0,305177
573,5	0,302969
574	0,300635
574,5	0,298345
575	0,296072
575,5	0,293737
576	0,291317
576,5	0,288919
577	0,286528
577,5	0,28406
578	0,281455
578,5	0,278818
579	0,276227
579,5	0,273633
580	0,270995
580,5	0,268342
581	0,265737
581,5	0,263094
582	0,26037
582,5	0,257603
583	0,254841
583,5	0,252081
584	0,249293
584,5	0,246478
585	0,243661
585,5	0,240879
586	0,23817
586,5	0,235471
587	0,232713
587,5	0,229912
588	0,227146
588,5	0,224422
589	0,221656
589,5	0,218912
590	0,216214
590,5	0,213496
591	0,210703
591,5	0,207827
592	0,204895
592,5	0,20192
593	0,198993
593,5	0,196185
594	0,193376
594,5	0,190536
595	0,187743
595,5	0,185115
596	0,182504
596,5	0,179796
597	0,177113
597,5	0,174495
598	0,171859
598,5	0,169069
599	0,166235
599,5	0,163511
600	0,160947
600,5	0,158368
601	0,155809
601,5	0,153415
602	0,15107
602,5	0,148715
603	0,146355
603,5	0,144001
604	0,141695
604,5	0,139422
605	0,137081
605,5	0,134806
606	0,132642
606,5	0,130433
607	0,128277
607,5	0,1262
608	0,124098
608,5	0,122013
609	0,119909
609,5	0,117746
610	0,115713
610,5	0,11382
611	0,112014
611,5	0,110407
612	0,108903
612,5	0,107381
613	0,10588
613,5	0,10435
614	0,102797
614,5	0,101321
615	0,099871
615,5	0,098434
616	0,097084
616,5	0,095859
617	0,094756
617,5	0,093736
618	0,092727
618,5	0,091749
619	0,090849
619,5	0,090015
620	0,089217
620,5	0,088436
621	0,087685
621,5	0,08705
622	0,086568
622,5	0,086172
623	0,085819
623,5	0,085455
624	0,085045
624,5	0,084708
625	0,084462
625,5	0,084247
626	0,084099
626,5	0,084065
627	0,084163
627,5	0,08435
628	0,084529
628,5	0,084676
629	0,084906
629,5	0,085213
630	0,085524
630,5	0,085793
631	0,086171
631,5	0,086726
632	0,087386
632,5	0,088091
633	0,08881
633,5	0,08956
634	0,090409
634,5	0,091348
635	0,092286
635,5	0,093114
636	0,093969
636,5	0,094966
637	0,09604
637,5	0,097186
638	0,098326
638,5	0,099361
639	0,100575
639,5	0,1019
640	0,103075
640,5	0,104357
641	0,105728
641,5	0,107072
642	0,108571
642,5	0,110112
643	0,111597
643,5	0,113185
644	0,114786
644,5	0,116358
645	0,118011
645,5	0,119666
646	0,121304
646,5	0,122995
647	0,124746
647,5	0,126502
648	0,128224
648,5	0,129997
649	0,131843
649,5	0,133734
650	0,135625
650,5	0,137503
651	0,139374
651,5	0,141239
652	0,143081
652,5	0,144923
653	0,14681
653,5	0,148714
654	0,150639
654,5	0,152637
655	0,15476
655,5	0,15694
656	0,159113
656,5	0,161333
657	0,163475
657,5	0,165532
658	0,167709
658,5	0,169853
659	0,171898
659,5	0,173945
660	0,175929
660,5	0,177912
661	0,179987
661,5	0,18198
662	0,183883
662,5	0,185792
663	0,187754
663,5	0,189725
664	0,19172
664,5	0,193843
665	0,195914
665,5	0,197958
666	0,200176
666,5	0,202313
667	0,204343
667,5	0,206411
668	0,20843
668,5	0,210457
669	0,212525
669,5	0,214464
670	0,216348
670,5	0,218319
671	0,220414
671,5	0,222526
672	0,224547
672,5	0,226451
673	0,228365
673,5	0,230355
674	0,232353
674,5	0,234184
675	0,235946
675,5	0,237768
676	0,239554
676,5	0,241304
677	0,243057
677,5	0,244828
678	0,246589
678,5	0,248264
679	0,249833
679,5	0,251558
680	0,253378
680,5	0,255085
681	0,256756
681,5	0,25842
682	0,260109
682,5	0,26188
683	0,263553
683,5	0,265118
684	0,266795
684,5	0,268442
685	0,26997
685,5	0,271417
686	0,272818
686,5	0,274231
687	0,275671
687,5	0,277038
688	0,278375
688,5	0,279795
689	0,281362
689,5	0,282949
690	0,28448
690,5	0,285987
691	0,287466
691,5	0,288893
692	0,29025
692,5	0,29153
693	0,292749
693,5	0,293922
694	0,295049
694,5	0,296147
695	0,297259
695,5	0,298425
696	0,299578
696,5	0,300677
697	0,301745
697,5	0,302828
698	0,30394
698,5	0,305069
699	0,30619
699,5	0,30726
700	0,30826
700,5	0,309218
701	0,310201
701,5	0,311204
702	0,312142
702,5	0,312953
703	0,313679
703,5	0,314429
704	0,315288
704,5	0,316245
705	0,317207
705,5	0,31806
706	0,318882
706,5	0,319757
707	0,320671
707,5	0,32153
708	0,322292
708,5	0,322977
709	0,323603
709,5	0,324193
710	0,324756
710,5	0,325261
711	0,325737
711,5	0,326216
712	0,326702
712,5	0,327168
713	0,327618
713,5	0,328084
714	0,328564
714,5	0,329056
715	0,32954
715,5	0,329976
716	0,330391
716,5	0,330805
717	0,331188
717,5	0,33157
718	0,331951
718,5	0,332307
719	0,332669
719,5	0,333039
720	0,333378
720,5	0,333643
721	0,333839
721,5	0,333987
722	0,334101
722,5	0,334212
723	0,334317
723,5	0,334381
724	0,334426
724,5	0,33448
725	0,334555
725,5	0,334632
726	0,334701
726,5	0,334765
727	0,334836
727,5	0,334908
728	0,334971
728,5	0,335019
729	0,335055
729,5	0,335076
730	0,335073
730,5	0,335032
731	0,334947
731,5	0,334814
732	0,33463
732,5	0,334432
733	0,334236
733,5	0,334014
734	0,333754
734,5	0,333489
735	0,33325
735,5	0,332982
736	0,332709
736,5	0,332471
737	0,332247
737,5	0,331943
738	0,331581
738,5	0,331295
739	0,330995
739,5	0,330624
740	0,330215
740,5	0,329842
741	0,329444
741,5	0,328984
742	0,328567
742,5	0,328233
743	0,327875
743,5	0,327347
744	0,326823
744,5	0,326327
745	0,325768
745,5	0,325208
746	0,324676
746,5	0,324136
747	0,323512
747,5	0,322798
748	0,322092
748,5	0,321507
749	0,320904
749,5	0,320248
750	0,319581
750,5	0,318852
751	0,31812
751,5	0,317443
752	0,316781
752,5	0,316122
753	0,315447
753,5	0,31472
754	0,313932
754,5	0,313136
755	0,31238
755,5	0,311614
756	0,310733
756,5	0,309793
757	0,309018
757,5	0,308208
758	0,307262
758,5	0,306312
759	0,305458
759,5	0,304608
760	0,303659
760,5	0,302733
761	0,301922
761,5	0,301135
762	0,300169
762,5	0,299246
763	0,298418
763,5	0,29752
764	0,296507
764,5	0,295507
765	0,294594
765,5	0,293597
766	0,292483
766,5	0,291353
767	0,290331
767,5	0,289304
768	0,288258
768,5	0,287271
769	0,286317
769,5	0,285296
770	0,284155
770,5	0,282975
771	0,28188
771,5	0,280805
772	0,27959
772,5	0,278402
773	0,277272
773,5	0,276125
774	0,274975
774,5	0,273818
775	0,272674
775,5	0,271576
776	0,270414
776,5	0,269188
777	0,267991
777,5	0,266764
778	0,265486
778,5	0,264163
779	0,262791
779,5	0,261457
780	0,260208
780,5	0,258985
781	0,257682
781,5	0,256349
782	0,255077
782,5	0,253763
783	0,252449
783,5	0,251196
784	0,249958
784,5	0,248643
785	0,247243
785,5	0,245837
786	0,244509
786,5	0,243223
787	0,241929
787,5	0,240672
788	0,239372
788,5	0,237981
789	0,23656
789,5	0,235166
790	0,233803
790,5	0,232443
791	0,231069
791,5	0,229644
792	0,228157
792,5	0,226656
793	0,225178
793,5	0,223756
794	0,222393
794,5	0,221013
795	0,219595
795,5	0,218173
796	0,216791
796,5	0,215404
797	0,214003
797,5	0,21264
798	0,21127
798,5	0,209865
799	0,208432
799,5	0,206972
800	0,205522
800,5	0,204079
801	0,202584
801,5	0,201118
802	0,199684
802,5	0,198217
803	0,196778
803,5	0,195349
804	0,193892
804,5	0,192437
805	0,190997
805,5	0,189573
806	0,188155
806,5	0,186724
807	0,185278
807,5	0,183829
808	0,182393
808,5	0,180943
809	0,179484
809,5	0,178069
810	0,176652
810,5	0,175223
811	0,173814
811,5	0,172421
812	0,171026
812,5	0,16963
813	0,16826
813,5	0,166903
814	0,165532
814,5	0,164132
815	0,162737
815,5	0,161365
816	0,160006
816,5	0,158642
817	0,157293
817,5	0,155965
818	0,154628
818,5	0,153262
819	0,151902
819,5	0,15059
820	0,149296
820,5	0,147996
821	0,146702
821,5	0,145447
822	0,144192
822,5	0,142913
823	0,14162
823,5	0,140344
824	0,139057
824,5	0,13773
825	0,136398
825,5	0,135101
826	0,133846
826,5	0,132607
827	0,131359
827,5	0,130114
828	0,128872
828,5	0,127594
829	0,126297
829,5	0,125037
830	0,123854
830,5	0,122696
831	0,121543
831,5	0,120404
832	0,119286
832,5	0,118165
833	0,117025
833,5	0,115882
834	0,114749
834,5	0,113671
835	0,112657
835,5	0,111614
836	0,110554
836,5	0,109502
837	0,108436
837,5	0,10736
838	0,106289
838,5	0,105249
839	0,104271
839,5	0,103327
840	0,102394
840,5	0,101489
841	0,100575
841,5	0,099646
842	0,098729
842,5	0,097816
843	0,096933
843,5	0,096084
844	0,095229
844,5	0,094382
845	0,093544
845,5	0,092704
846	0,091895
846,5	0,091056
847	0,090183
847,5	0,089417
848	0,088666
848,5	0,087906
849	0,087197
849,5	0,086449
850	0,0857
850,5	0,085006
851	0,084299
851,5	0,083598
852	0,082932
852,5	0,082312
853	0,081756
853,5	0,081188
854	0,080559
854,5	0,07996
855	0,079359
855,5	0,078766
856	0,078247
856,5	0,07774
857	0,077257
857,5	0,076809
858	0,076303
858,5	0,075804
859	0,075348
859,5	0,074888
860	0,074467
860,5	0,074051
861	0,073615
861,5	0,073247
862	0,072894
862,5	0,072542
863	0,072233
863,5	0,071843
864	0,071449
864,5	0,071168
865	0,070905
865,5	0,070651
866	0,0704
866,5	0,070145
867	0,070009
867,5	0,069895
868	0,069685
868,5	0,069534
869	0,069398
869,5	0,069286
870	0,069295
870,5	0,069243
871	0,069165
871,5	0,069155
872	0,069088
872,5	0,06903
873	0,069018
873,5	0,068988
874	0,068975
874,5	0,068962
875	0,068924
875,5	0,068919
876	0,068925
876,5	0,068965
877	0,069076
877,5	0,069082
878	0,069095
878,5	0,069261
879	0,069414
879,5	0,069571
880	0,06976
880,5	0,069942
881	0,070122
881,5	0,07033
882	0,070574
882,5	0,070812
883	0,071007
883,5	0,071223
884	0,071542
884,5	0,071823
885	0,072085
885,5	0,072389
886	0,072678
886,5	0,072982
887	0,073318
887,5	0,073665
888	0,074024
888,5	0,07441
889	0,074829
889,5	0,075269
890	0,075721
890,5	0,076185
891	0,07666
891,5	0,077123
892	0,077601
892,5	0,078094
893	0,078558
893,5	0,079093
894	0,079677
894,5	0,080196
895	0,080669
895,5	0,081161
896	0,081699
896,5	0,082236
897	0,082734
897,5	0,083221
898	0,083735
898,5	0,084233
899	0,084774
899,5	0,085372
900	0,085941
900,5	0,086522
901	0,087144
901,5	0,087793
902	0,088454
902,5	0,089114
903	0,089783
903,5	0,090477
904	0,091176
904,5	0,091898
905	0,092662
905,5	0,093443
906	0,094218
906,5	0,094973
907	0,095701
907,5	0,096393
908	0,097094
908,5	0,097837
909	0,098596
909,5	0,099363
910	0,100141
910,5	0,100933
911	0,101731
911,5	0,102534
912	0,103333
912,5	0,104108
913	0,104881
913,5	0,105684
914	0,106537
914,5	0,107428
915	0,1083
915,5	0,10913
916	0,109957
916,5	0,110787
917	0,111617
917,5	0,112449
918	0,113306
918,5	0,114176
919	0,115052
919,5	0,115942
920	0,116844
920,5	0,117748
921	0,118643
921,5	0,119529
922	0,120429
922,5	0,121348
923	0,122268
923,5	0,123198
924	0,124149
924,5	0,125105
925	0,126036
925,5	0,12695
926	0,127866
926,5	0,128792
927	0,129719
927,5	0,130637
928	0,13155
928,5	0,132475
929	0,13341
929,5	0,134349
930	0,135292
930,5	0,136248
931	0,137203
931,5	0,138159
932	0,139128
932,5	0,140117
933	0,141126
933,5	0,142138
934	0,143125
934,5	0,144086
935	0,145026
935,5	0,145969
936	0,146957
936,5	0,147919
937	0,148832
937,5	0,149766
938	0,150675
938,5	0,151585
939	0,152554
939,5	0,15355
940	0,15457
940,5	0,155527
941	0,15635
941,5	0,157267
942	0,158306
942,5	0,159358
943	0,160354
943,5	0,161305
944	0,162289
944,5	0,163346
945	0,164359
945,5	0,165351
946	0,166353
946,5	0,167329
947	0,168282
947,5	0,169239
948	0,170236
948,5	0,171302
949	0,17238
949,5	0,173371
950	0,174254
950,5	0,17521
951	0,176217
951,5	0,177195
952	0,178162
952,5	0,179141
953	0,18015
953,5	0,181137
954	0,181969
954,5	0,182834
955	0,183783
955,5	0,184668
956	0,185608
956,5	0,186505
957	0,187317
957,5	0,188264
958	0,189187
958,5	0,190026
959	0,190892
959,5	0,191834
960	0,192783
960,5	0,193684
961	0,194585
961,5	0,195601
962	0,196618
962,5	0,197475
963	0,198235
963,5	0,199111
964	0,200108
964,5	0,201066
965	0,202005
965,5	0,202977
966	0,20398
966,5	0,204952
967	0,205892
967,5	0,206818
968	0,207735
968,5	0,208625
969	0,209511
969,5	0,210409
970	0,21135
970,5	0,212431
971	0,213476
971,5	0,214363
972	0,215233
972,5	0,216146
973	0,217083
973,5	0,217985
974	0,218809
974,5	0,21958
975	0,220341
975,5	0,221126
976	0,221964
976,5	0,222794
977	0,223579
977,5	0,224361
978	0,22509
978,5	0,225795
979	0,226562
979,5	0,227419
980	0,228328
980,5	0,229189
981	0,229954
981,5	0,230814
982	0,231749
982,5	0,232656
983	0,233524
983,5	0,234367
984	0,235224
984,5	0,236109
985	0,236955
985,5	0,237789
986	0,23864
986,5	0,239499
987	0,24037
987,5	0,241167
988	0,241859
988,5	0,242528
989	0,243162
989,5	0,243811
990	0,244533
990,5	0,245275
991	0,246006
991,5	0,246693
992	0,247316
992,5	0,247905
993	0,248499
993,5	0,249095
994	0,24967
994,5	0,250283
995	0,250958
995,5	0,251648
996	0,25228
996,5	0,252947
997	0,253717
997,5	0,254529
998	0,25521
998,5	0,255789
999	0,256365
999,5	0,256984
1000	0,257664
1000,5	0,258417
1001	0,259189
1001,5	0,259875
1002	0,26057
1002,5	0,261344
1003	0,262151
1003,5	0,262894
1004	0,263618
1004,5	0,264364
1005	0,26508
1005,5	0,265712
1006	0,266369
1006,5	0,267083
1007	0,267703
1007,5	0,268338
1008	0,269001
1008,5	0,269623
1009	0,27024
1009,5	0,270826
1010	0,271388
1010,5	0,27197
1011	0,272557
1011,5	0,273054
1012	0,273425
1012,5	0,27377
1013	0,274261
1013,5	0,274839
1014	0,275349
1014,5	0,275776
1015	0,276209
1015,5	0,276789
1016	0,277515
1016,5	0,278091
1017	0,278631
1017,5	0,279164
1018	0,279585
1018,5	0,280209
1019	0,28085
1019,5	0,281347
1020	0,281948
1020,5	0,282584
1021	0,283192
1021,5	0,283696
1022	0,283953
1022,5	0,284397
1023	0,285132
1023,5	0,285865
1024	0,286532
1024,5	0,287081
1025	0,287555
1025,5	0,288092
1026	0,288691
1026,5	0,289227
1027	0,289623
1027,5	0,28998
1028	0,290449
1028,5	0,290815
1029	0,290942
1029,5	0,291257
1030	0,291584
1030,5	0,29209
1031	0,292919
1031,5	0,293029
1032	0,293017
1032,5	0,293245
1033	0,293169
1033,5	0,293353
1034	0,293665
1034,5	0,293856
1035	0,294226
1035,5	0,294599
1036	0,294925
1036,5	0,295325
1037	0,29585
1037,5	0,296371
1038	0,296914
1038,5	0,297601
1039	0,298283
1039,5	0,298658
1040	0,298936
1040,5	0,299601
1041	0,300088
1041,5	0,300387
1042	0,300783
1042,5	0,301306
1043	0,301744
1043,5	0,301842
1044	0,301808
1044,5	0,302374
1045	0,302936
1045,5	0,303228
1046	0,30355
1046,5	0,303904
1047	0,30415
1047,5	0,304278
1048	0,304427
1048,5	0,304636
1049	0,304852
1049,5	0,30505
1050	0,305271