dispers-library 4
library-id "vacuum" cauchy "vacuum" 1 0 0 0 0 0
library-id "sio2" ho "Thermal SiO2" 1 145 15.7884 0 0.333333 0
library-id "water" cauchy "water" 1.3197 4677.31 -1.0802e+08 0 0 0
library-id "si-paper-1"
uniform-table "Silicon (from paper)" 341
180 860 2
341 2
0.7101125 2.440196
0.7409903 2.478794
0.7708315 2.515988
0.7996208 2.552051
0.8273703 2.587295
0.8541366 2.622041
0.8800215 2.656586
0.9051624 2.691202
0.9297262 2.726116
0.9538972 2.761526
0.9778771 2.797583
1.001876 2.834396
1.026106 2.872047
1.050778 2.910583
1.076092 2.950035
1.10225 2.990388
1.129447 3.031602
1.157865 3.07365
1.187701 3.116475
1.219146 3.160078
1.252384 3.204533
1.287616 3.250254
1.325887 3.298735
1.372474 3.351302
1.436396 3.400081
1.513088 3.42582
1.578078 3.423214
1.615774 3.411477
1.632776 3.408837
1.640668 3.419175
1.64535 3.440141
1.648815 3.46965
1.65183 3.506739
1.654907 3.551149
1.658624 3.603042
1.663768 3.66278
1.671383 3.730748
1.682739 3.807224
1.699268 3.892298
1.722502 3.98582
1.75399 4.087412
1.795236 4.196492
1.847647 4.312345
1.912496 4.434286
1.991065 4.562025
2.085472 4.696119
2.200738 4.837251
2.345991 4.981798
2.528173 5.115958
2.73906 5.221785
2.958009 5.298289
3.180208 5.365081
3.429443 5.429921
3.72694 5.465374
4.059011 5.430934
4.383126 5.308159
4.656119 5.112026
4.856157 4.87783
4.985819 4.640226
5.061102 4.420986
5.099929 4.229005
5.116842 4.065172
5.122005 3.926545
5.121815 3.808931
5.119976 3.708271
5.118521 3.621161
5.118534 3.544892
5.120555 3.477331
5.124797 3.4168
5.131271 3.361993
5.139873 3.311911
5.150445 3.265811
5.162817 3.223158
5.176844 3.183595
5.192426 3.146899
5.209526 3.112962
5.228184 3.08176
5.248529 3.053335
5.270786 3.027772
5.295288 3.005181
5.322475 2.985679
5.3529 2.96939
5.387229 2.956451
5.426279 2.947068
5.471131 2.941596
5.523419 2.940608
5.585858 2.944771
5.662996 2.954218
5.761762 2.966974
5.890791 2.976252
6.056932 2.967705
6.258625 2.919826
6.479832 2.810707
6.69093 2.62934
6.858789 2.383639
6.960108 2.098553
6.98911 1.805494
6.955724 1.530641
6.8776 1.288865
6.772226 1.084471
6.652908 0.9153925
6.528406 0.7771201
6.404147 0.66486
6.283482 0.5742773
6.168487 0.5015937
6.060398 0.4435207
5.959849 0.3971917
5.867016 0.3601228
5.781723 0.3301933
5.703539 0.3056351
5.631853 0.285021
5.56596 0.2672457
5.505128 0.2514949
5.448656 0.2372023
5.395915 0.2239984
5.346368 0.2116566
5.299576 0.2000449
5.255187 0.1890883
5.212923 0.1787419
5.172562 0.1689749
5.133926 0.1597627
5.096867 0.1510823
5.061263 0.1429114
5.02701 0.1352278
4.994018 0.1280093
4.962207 0.1212342
4.931509 0.1148807
4.901861 0.1089278
4.873208 0.103355
4.845499 0.09814212
4.81869 0.09326991
4.792737 0.08871956
4.767603 0.08447299
4.743252 0.08051276
4.719651 0.07682212
4.696769 0.07338501
4.674576 0.07018601
4.653049 0.06721033
4.632161 0.06444392
4.611886 0.06187333
4.592201 0.05948573
4.573085 0.05726892
4.554517 0.0552113
4.536476 0.05330182
4.518943 0.05153004
4.501901 0.04988604
4.485331 0.04836044
4.469217 0.04694437
4.453544 0.04562947
4.438294 0.04440784
4.423453 0.04327207
4.409007 0.04221518
4.39494 0.04123062
4.38124 0.04031227
4.367894 0.03945437
4.35489 0.03865157
4.342216 0.03789886
4.329861 0.03719161
4.317814 0.03652549
4.306063 0.03589654
4.294598 0.03530104
4.28341 0.03473563
4.272489 0.03419718
4.261824 0.03368283
4.251408 0.03319001
4.241231 0.03271634
4.231286 0.03225971
4.221563 0.03181818
4.212055 0.03139006
4.202755 0.03097381
4.193656 0.03056811
4.18475 0.03017176
4.176032 0.02978376
4.167493 0.02940322
4.15913 0.0290294
4.150935 0.02866165
4.142903 0.02829946
4.13503 0.02794238
4.127309 0.02759005
4.119735 0.02724219
4.112306 0.02689856
4.105015 0.02655897
4.097859 0.02622329
4.090833 0.02589139
4.083935 0.02556319
4.077159 0.02523861
4.070506 0.02491758
4.06397 0.02460005
4.057548 0.024286
4.051238 0.02397537
4.045035 0.02366815
4.038938 0.02336431
4.032942 0.02306381
4.027047 0.02276663
4.021248 0.02247274
4.015544 0.02218212
4.009931 0.02189475
4.004409 0.02161058
3.998974 0.02132961
3.993625 0.0210518
3.988359 0.02077712
3.983174 0.02050555
3.978069 0.02023706
3.973041 0.01997162
3.968089 0.0197092
3.963211 0.01944978
3.958405 0.01919333
3.953671 0.01893983
3.949005 0.01868923
3.944407 0.01844152
3.939875 0.01819667
3.935408 0.01795464
3.931004 0.01771542
3.926662 0.01747897
3.922381 0.01724527
3.918159 0.01701428
3.913996 0.01678599
3.909889 0.01656036
3.905838 0.01633736
3.901842 0.01611697
3.8979 0.01589917
3.89401 0.01568392
3.890172 0.0154712
3.886384 0.01526098
3.882645 0.01505324
3.878955 0.01484795
3.875313 0.01464508
3.871717 0.01444461
3.868168 0.01424651
3.864663 0.01405075
3.861202 0.01385732
3.857784 0.01366619
3.854409 0.01347733
3.851075 0.01329071
3.847783 0.01310632
3.844531 0.01292413
3.841318 0.0127441
3.838145 0.01256623
3.83501 0.01239049
3.831912 0.01221685
3.828851 0.01204529
3.825827 0.01187579
3.822838 0.01170833
3.819884 0.01154287
3.816964 0.01137941
3.814079 0.01121791
3.811227 0.01105837
3.808407 0.01090074
3.80562 0.01074502
3.802864 0.01059119
3.800139 0.01043921
3.797445 0.01028908
3.794782 0.01014077
3.792148 0.009994255
3.789543 0.009849523
3.786966 0.009706551
3.784418 0.00956532
3.781898 0.00942581
3.779405 0.009288003
3.776939 0.009151879
3.7745 0.009017419
3.772087 0.008884606
3.769699 0.008753419
3.767337 0.008623842
3.765 0.008495857
3.762687 0.008369444
3.760399 0.008244588
3.758134 0.00812127
3.755893 0.007999474
3.753675 0.007879182
3.75148 0.007760377
3.749307 0.007643044
3.747157 0.007527164
3.745028 0.007412723
3.742921 0.007299704
3.740835 0.007188092
3.738769 0.00707787
3.736725 0.006969023
3.734701 0.006861535
3.732696 0.006755392
3.730712 0.006650579
3.728747 0.00654708
3.726801 0.006444881
3.724874 0.006343967
3.722965 0.006244325
3.721076 0.00614594
3.719204 0.006048798
3.71735 0.005952885
3.715514 0.005858188
3.713695 0.005764692
3.711893 0.005672386
3.710108 0.005581254
3.70834 0.005491285
3.706589 0.005402465
3.704854 0.005314782
3.703135 0.005228224
3.701432 0.005142776
3.699744 0.005058428
3.698072 0.004975167
3.696415 0.004892981
3.694773 0.004811859
3.693147 0.004731787
3.691534 0.004652756
3.689937 0.004574753
3.688353 0.004497766
3.686784 0.004421786
3.685229 0.0043468
3.683688 0.004272797
3.68216 0.004199768
3.680646 0.0041277
3.679145 0.004056585
3.677657 0.00398641
3.676182 0.003917166
3.67472 0.003848842
3.67327 0.003781429
3.671833 0.003714916
3.670409 0.003649294
3.668996 0.003584552
3.667596 0.003520682
3.666208 0.003457673
3.664831 0.003395517
3.663466 0.003334203
3.662113 0.003273723
3.66077 0.003214068
3.65944 0.003155228
3.65812 0.003097195
3.656811 0.003039959
3.655513 0.002983513
3.654226 0.002927848
3.65295 0.002872955
3.651684 0.002818825
3.650428 0.002765451
3.649182 0.002712824
3.647947 0.002660937
3.646722 0.00260978
3.645507 0.002559347
3.644301 0.002509629
3.643105 0.002460619
3.641919 0.002412309
3.640742 0.002364691
3.639575 0.002317759
