dispers-library 12
library-id "nit-tl-1"
  tauc-lorentz "Nitride TL" 1 1 1 4.25 3.5 9.2 8
library-id "nit-ho-1" ho "Nitride HO" 2
  199.662 14.0451 0 0.333333 0
  1.37061 6.35081 1.17056 0.333333 -0.240491
library-id "sio2-tl-1"
  tauc-lorentz "Oxide TL" 1 1 1 7.4 104.5 12.4 4.9
library-id "sio2-ho"
  ho "Thermal SiO2 HO" 1 143.747 15.6982 0 0.3333 0
library-id "asi-tl-1"
  tauc-lorentz "amorphous Si TL" 1 1 0.432417 1.40575 24.4573 3.20992 3.88915
library-id "si-ho-1"
  ho "Silicon UV-SE HO4" 5
  270.849 15.7 0 0.333333 0
  6.78719 3.36558 0.230436 0 -0.716806
  19.3944 4.27732 0.449597 0 0.238493
  35.0451 6.44256 1.18419 0 1.61343
  20.5961 3.69558 0.945169 0 -0.548917
library-id "si-ho-2"
  ho "Silicon DUV-SE HO5" 6
  149.89 15.7 0 0.333333 0
  10.0779 3.36397 0.229486 0 -0.745292
  27.7017 4.27496 0.434582 0 0.207918
  82.0463 6.94048 6.02437 0 1.15504
  36.32 3.70397 1.03053 0 -0.592312
  3.62445 5.29562 0.558425 0 -0.0232686
library-id "si-ho-3"
  ho "Silicon DUV-SE HO6" 7
  115.226 11.8744 0 0.333333 0
  8.2169 3.36288 0.226778 0 -0.756372
  25.0685 4.31979 0.442309 0 0.334498
  54.7859 6.17683 4.21548 0 0.974163
  28.1122 3.65434 1.06115 0 -0.752933
  2.20743 5.37356 0.508346 0 0.581503
  2.14285 4.33586 0.189064 0 2.55956
library-id "tin-ho-1"
  ho "TiN HO" 3
  465.535 15.7 16.3261 0.333333 -0.0922479
  1.49979 0 0 0.333333 0.274414
  2.52166 1.67022 1.15519 0.333333 -7.13644
library-id "tin-ho-2"
  ho "TiN HO DSE" 3
  402.083 14.4716 17.2319 0.333333 -0.0974734
  5.78313 0 4.40302 0.333333 1.39012
  2.29427 1.55968 1.09569 0.333333 -6.99969
library-id "copper-ho-1"
  ho "Copper HO A" 7
  10.1963 0 0.00496485 0 -0.112441
  261.07 15.7 0 0.333333 0
  28.2237 6.76976 1.94053 0.333333 0.284037
  0.0197145 2.16851 0.20206 0.333333 -0.711607
  1.56258 2.97088 1.27189 0.333333 -1.30191
  1.13533 4.12847 1.0809 0.333333 0.272197
  0.194753 2.62997 0.722516 0.333333 6.07444
library-id "copper-ho-2"
  ho "Copper HO B" 7
    10.3251 0 0 0 -0.13937
    -96.2928 15.7 0 0.333333 0
    137.885 8.74675 0 0.333333 -0.549745
    60.2293 7.33691 1.6712 0.333333 -5.28103
    9.0738 3.52246 1.98116 0.333333 0.611428
    7.10768 3.94476 1.83003 0.333333 -0.810911
    9.97883 3.57771 3.16959 0.333333 3.17296
