SE PSI DELTA
AOI	 75.7
SE 239.986	0.73023	-0.026679
SE 240.1	0.744085	-0.0293415
SE 240.215	0.730744	-0.0255897
SE 240.33	0.748855	-0.00132448
SE 240.445	0.722263	-0.00932252
SE 240.56	0.733533	0.0168161
SE 240.675	0.752457	0.0341169
SE 240.79	0.743894	0.0324467
SE 240.906	0.752799	0.045503
SE 241.021	0.760609	0.0392091
SE 241.137	0.768353	0.0407879
SE 241.253	0.777859	0.0409414
SE 241.37	0.767528	0.0666402
SE 241.486	0.781977	0.0785447
SE 241.603	0.776141	0.0985024
SE 241.72	0.770349	0.0779566
SE 241.837	0.779282	0.0865233
SE 241.954	0.792033	0.0912382
SE 242.071	0.787584	0.0997047
SE 242.189	0.801213	0.115431
SE 242.307	0.811926	0.0959279
SE 242.424	0.806811	0.107068
SE 242.543	0.810619	0.110825
SE 242.661	0.820442	0.132654
SE 242.779	0.813879	0.120713
SE 242.898	0.817616	0.126419
SE 243.017	0.818853	0.131757
SE 243.136	0.823375	0.129
SE 243.255	0.825635	0.144054
SE 243.375	0.82117		0.14753
SE 243.494	0.841068	0.1604
SE 243.614	0.853704	0.143493
SE 243.734	0.851076	0.160747
SE 243.854	0.852928	0.164089
SE 243.975	0.861559	0.158824
SE 244.095	0.855978	0.15107
SE 244.216	0.863684	0.170334
SE 244.337	0.861616	0.171842
SE 244.458	0.870426	0.16925
SE 244.579	0.878993	0.176996
SE 244.701	0.88013		0.166224
SE 244.823	0.878951	0.185499
SE 244.945	0.892651	0.169955
SE 245.067	0.896997	0.176233
SE 245.189	0.893891	0.167469
SE 245.311	0.900732	0.176401
SE 245.434	0.906397	0.182607
SE 245.557	0.923429	0.176659
SE 245.68	0.923997	0.168007
SE 245.803	0.934173	0.177512
SE 245.927	0.928719	0.173068
SE 246.051	0.934357	0.174499
SE 246.175	0.936556	0.164773
SE 246.299	0.942628	0.176055
SE 246.423	0.951112	0.170274
SE 246.548	0.963464	0.171129
SE 246.672	0.960538	0.155317
SE 246.797	0.969928	0.160076
SE 246.922	0.969303	0.160037
SE 247.048	0.985888	0.15673
SE 247.173	1.00322		0.151669
SE 247.299	0.993949	0.147674
SE 247.425	1.0017		0.143733
SE 247.551	1.00896		0.136037
SE 247.677	1.02212		0.129893
SE 247.804	1.03669		0.122964
SE 247.931	1.03362		0.121934
SE 248.058	1.05858		0.117657
SE 248.185	1.03745		0.0998978
SE 248.312	1.05965		0.0927909
SE 248.44	1.06575		0.0894916
SE 248.568	1.08777		0.0793701
SE 248.696	1.09519		0.0740368
SE 248.824	1.11133		0.0624157
SE 248.952	1.10265		0.0495456
SE 249.081	1.12519		0.0399025
SE 249.21	1.1324		0.0413197
SE 249.339	1.14423		0.0166784
SE 249.468	1.16021		0.00874584
SE 249.598	1.18078		-0.0142322
SE 249.728	1.19927		-0.024943
SE 249.858	1.20563		-0.0368882
SE 249.988	1.22712		-0.0562634
SE 250.118	1.25035		-0.0727846
SE 250.249	1.25496		-0.0819821
SE 250.38	1.28593		-0.098176
SE 250.511	1.31905		-0.126402
SE 250.642	1.32572		-0.141232
SE 250.774	1.36721		-0.166827
SE 250.905	1.35092		-0.188483
SE 251.037	1.3992		-0.208918
SE 251.17	1.4207		-0.229548
SE 251.302	1.45618		-0.245055
SE 251.435	1.4833		-0.281856
SE 251.567	1.53965		-0.309319
SE 251.701	1.55631		-0.341411
SE 251.834	1.604		-0.367417
SE 251.967	1.61213		-0.389209
SE 252.101	1.66875		-0.421924
SE 252.235	1.67962		-0.441573
SE 252.369	1.73965		-0.49336
SE 252.504	1.75878		-0.521386
SE 252.639	1.85184		-0.571992
SE 252.773	1.84774		-0.59249
SE 252.909	1.98371		-0.65633
SE 253.044	1.9962		-0.679981
SE 253.18	2.03194		-0.707469
SE 253.315	2.12645		-0.757175
SE 253.452	2.23849		-0.807289
SE 253.588	2.22494		-0.829675
SE 253.724	2.31883		-0.852813
SE 253.861	2.37903		-0.898615
SE 253.998	2.44311		-0.934492
SE 254.136	2.53076		-0.97546
SE 254.273	2.48442		-0.961757
SE 254.411	2.48484		-0.958783
SE 254.549	2.66096		-0.9999
SE 254.687	2.58929		-0.982055
SE 254.826	2.53986		-0.957747
SE 254.964	2.43031		-0.909716
SE 255.103	2.53883		-0.922684
SE 255.242	2.418		-0.853736
SE 255.382	2.5952		-0.892868
SE 255.522	2.37722		-0.80638
SE 255.662	2.39891		-0.761177
SE 255.802	2.45653		-0.76285
SE 255.942	2.18114		-0.650666
SE 256.083	2.23521		-0.63222
SE 256.224	2.12856		-0.581751
SE 256.365	2.06348		-0.533853
SE 256.507	2.07841		-0.492829
SE 256.648	1.96865		-0.418362
SE 256.79	1.84967		-0.363819
SE 256.932	1.90282		-0.34894
SE 257.075	1.81406		-0.302251
SE 257.218	1.75473		-0.265098
SE 257.361	1.70983		-0.214084
SE 257.504	1.69958		-0.159281
SE 257.647	1.60513		-0.130159
SE 257.791	1.5703		-0.0951295
SE 257.935	1.52294		-0.0548602
SE 258.079	1.52427		-0.0420254
SE 258.224	1.4729		-0.00597953
SE 258.368	1.43892		0.0154757
SE 258.514	1.43958		0.0501012
SE 258.659	1.37955		0.0867721
SE 258.804	1.37274		0.104508
SE 258.95	1.34449		0.126263
SE 259.096	1.34734		0.165098
SE 259.243	1.31014		0.165347
SE 259.389	1.28019		0.18622
SE 259.536	1.26665		0.206176
SE 259.683	1.23431		0.225726
SE 259.831	1.22567		0.253128
SE 259.978	1.22342		0.277016
SE 260.126	1.1987		0.280707
SE 260.275	1.19697		0.29686
SE 260.423	1.1693		0.308017
SE 260.572	1.1697		0.329122
SE 260.721	1.15253		0.342143
SE 260.87	1.1454		0.353853
SE 261.02	1.13268		0.366251
SE 261.17	1.11929		0.386621
SE 261.32	1.10544		0.388884
SE 261.471	1.10398		0.391634
SE 261.621	1.08223		0.398279
SE 261.772	1.08739		0.413025
SE 261.924	1.07619		0.414096
SE 262.075	1.07246		0.431107
SE 262.227	1.06423		0.438856
SE 262.379	1.05187		0.44545
SE 262.532	1.04746		0.45205
SE 262.684	1.04539		0.454118
SE 262.837	1.01603		0.454153
SE 262.991	1.02656		0.47469
SE 263.144	1.01629		0.475703
SE 263.298	1.0209		0.476077
SE 263.452	1.01928		0.481133
SE 263.607	1.00736		0.484489
SE 263.761	1.00331		0.489457
SE 263.916	1.00249		0.499011
SE 264.072	0.995119	0.498201
SE 264.227	0.98753		0.502919
SE 264.383	0.990766	0.500942
SE 264.539	0.982209	0.507505
SE 264.696	0.988672	0.508203
SE 264.853	0.974812	0.507395
SE 265.01	0.970956	0.51765
SE 265.167	0.974565	0.522875
SE 265.325	0.963767	0.516097
SE 265.483	0.963521	0.516948
SE 265.641	0.964302	0.521567
SE 265.8	0.958563	0.517753
SE 265.959	0.950953	0.51108
SE 266.118	0.954804	0.526805
SE 266.278	0.95733		0.526471
SE 266.438	0.947341	0.521645
SE 266.598	0.947393	0.519254
SE 266.758	0.945016	0.521213
SE 266.919	0.938418	0.519033
SE 267.08	0.930767	0.516542
SE 267.241	0.930571	0.520527
SE 267.403	0.928129	0.513822
SE 267.565	0.922968	0.51109
SE 267.728	0.923569	0.510127
SE 267.89	0.915874	0.503742
SE 268.053	0.914986	0.51049
SE 268.216	0.915408	0.502403
SE 268.38	0.913421	0.507722
SE 268.544	0.91073		0.504972
SE 268.708	0.910394	0.50474
SE 268.873	0.908854	0.505245
SE 269.038	0.905054	0.496384
SE 269.203	0.896631	0.491573
SE 269.369	0.904882	0.494795
SE 269.535	0.900508	0.488147
SE 269.701	0.897043	0.485289
SE 269.867	0.898038	0.484491
SE 270.034	0.891321	0.476761
SE 270.202	0.890575	0.472758
SE 270.369	0.891692	0.466214
SE 270.537	0.887967	0.464862
SE 270.705	0.885294	0.458993
SE 270.874	0.879032	0.454414
SE 271.043	0.877886	0.448779
SE 271.212	0.877861	0.443907
SE 271.382	0.877223	0.442524
SE 271.552	0.867918	0.434715
SE 271.722	0.874581	0.430742
SE 271.892	0.868166	0.423403
SE 272.063	0.86294		0.418113
SE 272.235	0.863425	0.413978
SE 272.406	0.86351		0.411469
SE 272.578	0.862563	0.402038
SE 272.751	0.856092	0.395469
SE 272.924	0.854205	0.387926
SE 273.097	0.852552	0.384434
SE 273.27	0.849335	0.370926
SE 273.444	0.8458		0.369351
SE 273.618	0.846531	0.362183
SE 273.792	0.836586	0.352745
SE 273.967	0.838756	0.344514
SE 274.143	0.833155	0.335596
SE 274.318	0.831976	0.325982
SE 274.494	0.832018	0.319531
SE 274.67	0.826264	0.313331
SE 274.847	0.825086	0.300246
SE 275.024	0.82208		0.295438
SE 275.202	0.819959	0.286807
SE 275.379	0.814197	0.277072
SE 275.557	0.813101	0.265706
SE 275.736	0.812684	0.255065
SE 275.915	0.80759		0.247381
SE 276.094	0.803755	0.2358
SE 276.274	0.7994		0.225863
SE 276.454	0.798101	0.213923
SE 276.634	0.794648	0.201105
SE 276.815	0.789176	0.190855
SE 276.996	0.78655		0.181254
SE 277.178	0.784391	0.17146
SE 277.36	0.780285	0.158906
SE 277.542	0.77779		0.145337
SE 277.725	0.771252	0.133314
SE 277.908	0.769307	0.122015
SE 278.091	0.76786		0.107274
SE 278.275	0.761073	0.0947276
SE 278.459	0.759472	0.0773065
SE 278.644	0.756588	0.0661609
SE 278.829	0.752671	0.0520437
SE 279.014	0.746253	0.0381689
SE 279.2	0.741814	0.0242678
SE 279.386	0.740588	0.00888777
SE 279.573	0.734831	-0.00668074
SE 279.76	0.730233	-0.0209418
SE 279.948	0.727063	-0.0367132
SE 280.135	0.721617	-0.0581578
SE 280.324	0.716568	-0.0680677
SE 280.512	0.715093	-0.0864419
SE 280.701	0.71131		-0.101816
SE 280.891	0.706629	-0.119675
SE 281.081	0.701243	-0.136407
SE 281.271	0.698605	-0.154316
SE 281.462	0.692672	-0.170865
SE 281.653	0.687651	-0.189511
SE 281.845	0.685368	-0.207333
SE 282.037	0.68207		-0.220944
SE 282.229	0.675562	-0.246315
SE 282.422	0.669207	-0.264368
SE 282.615	0.662434	-0.280536
SE 282.809	0.662129	-0.301204
SE 283.003	0.655643	-0.319393
SE 283.197	0.653382	-0.345009
SE 283.392	0.647634	-0.362404
SE 283.588	0.641333	-0.38135
SE 283.784	0.636028	-0.399946
SE 283.98	0.628943	-0.425967
SE 284.177	0.626006	-0.450001
SE 284.374	0.620454	-0.463581
SE 284.571	0.614865	-0.489371
SE 284.769	0.611111	-0.509872
SE 284.968	0.604226	-0.53031
SE 285.167	0.600678	-0.55874
SE 285.366	0.596624	-0.573273
SE 285.566	0.589426	-0.598284
SE 285.766	0.585739	-0.618642
SE 285.967	0.580352	-0.640893
SE 286.168	0.573892	-0.66179
SE 286.37	0.570744	-0.683645
SE 286.572	0.566476	-0.707788
SE 286.775	0.562016	-0.722756
SE 286.978	0.55727		-0.746202
SE 287.181	0.551377	-0.76446
SE 287.385	0.547921	-0.785584
SE 287.59	0.542479	-0.804094
SE 287.794	0.537496	-0.824362
SE 288		0.529647	-0.8407
SE 288.206	0.528448	-0.860429
SE 288.412	0.523871	-0.874961
SE 288.619	0.518622	-0.891878
SE 288.826	0.515687	-0.906948
SE 289.034	0.509473	-0.919929
SE 289.242	0.506342	-0.932107
SE 289.451	0.501098	-0.94316
SE 289.66	0.498404	-0.95361
SE 289.87	0.493793	-0.962705
SE 290.08	0.48937		-0.966228
SE 290.29	0.488394	-0.979889
SE 290.502	0.483313	-0.986911
SE 290.713	0.478165	-0.992183
SE 290.925	0.47694		-0.994735
SE 291.138	0.473012	-0.996226
SE 291.351	0.472006	-0.997452
SE 291.565	0.470852	-0.9999
SE 291.779	0.467533	-0.993872
SE 291.994	0.464489	-0.9999
SE 292.209	0.462312	-0.992513
SE 292.425	0.4621		-0.997611
SE 292.641	0.46091		-0.982384
SE 292.858	0.461776	-0.976422
SE 293.075	0.458029	-0.966093
SE 293.293	0.456458	-0.959998
SE 293.511	0.458866	-0.946546
SE 293.73	0.459392	-0.932956
SE 293.949	0.458164	-0.925724
SE 294.169	0.456791	-0.913463
SE 294.389	0.458438	-0.889853
SE 294.61	0.46186		-0.874614
SE 294.832	0.461535	-0.863759
SE 295.054	0.462835	-0.849155
SE 295.276	0.461807	-0.824538
SE 295.499	0.464186	-0.804082
SE 295.723	0.46727		-0.786507
SE 295.947	0.468795	-0.770414
SE 296.172	0.472529	-0.746364
SE 296.397	0.475134	-0.729543
SE 296.623	0.475946	-0.711846
SE 296.849	0.481001	-0.690144
SE 297.076	0.482706	-0.67455
SE 297.304	0.481408	-0.64729
SE 297.532	0.487731	-0.626468
SE 297.761	0.489203	-0.610633
SE 297.99	0.492591	-0.588688
SE 298.22	0.493648	-0.565069
SE 298.45	0.498992	-0.544854
SE 298.681	0.501118	-0.527487
SE 298.912	0.505658	-0.501137
SE 299.144	0.508689	-0.489573
SE 299.377	0.511185	-0.465515
SE 299.61	0.514104	-0.441779
SE 299.844	0.518806	-0.426068
SE 300.078	0.522915	-0.405397
SE 300.314	0.526834	-0.383188
SE 300.549	0.530946	-0.362274
SE 300.785	0.53549		-0.34565
SE 301.022	0.538004	-0.32483
SE 301.259	0.541484	-0.310894
SE 301.497	0.547055	-0.29399
SE 301.736	0.551631	-0.269193
SE 301.975	0.554759	-0.255482
SE 302.215	0.5606		-0.238815
SE 302.456	0.561846	-0.219635
SE 302.697	0.567597	-0.206385
SE 302.938	0.5732		-0.189828
SE 303.181	0.576051	-0.171131
SE 303.424	0.579612	-0.155765
SE 303.667	0.585413	-0.139231
SE 303.911	0.589899	-0.124502
SE 304.156	0.593327	-0.107665
SE 304.402	0.596722	-0.0965857
SE 304.648	0.600769	-0.0793081
SE 304.894	0.605585	-0.0646014
SE 305.142	0.609822	-0.0499111
SE 305.39	0.615077	-0.0399469
SE 305.638	0.619515	-0.0242342
SE 305.888	0.621938	-0.0119316
SE 306.138	0.627997	0.00146878
SE 306.388	0.631275	0.0114996
SE 306.64	0.635816	0.0235769
SE 306.892	0.641138	0.0376987
SE 307.144	0.644436	0.0493613
SE 307.398	0.648018	0.0610111
SE 307.652	0.652154	0.0729011
SE 307.906	0.658419	0.0840713
SE 308.162	0.662686	0.0947147
SE 308.418	0.664713	0.103798
SE 308.674	0.670744	0.11431
SE 308.932	0.674892	0.12495
SE 309.19	0.677543	0.135317
SE 309.449	0.681997	0.142394
SE 309.708	0.684928	0.152916
SE 309.969	0.690839	0.161854
SE 310.229	0.695658	0.171804
SE 310.491	0.700095	0.180343
SE 310.753	0.703865	0.186728
SE 311.016	0.710319	0.193856
SE 311.28	0.712817	0.205846
SE 311.545	0.716073	0.209603
SE 311.81	0.721925	0.216707
SE 312.076	0.726978	0.225927
SE 312.343	0.729052	0.230823
SE 312.61	0.733257	0.236731
SE 312.878	0.738823	0.244393
SE 313.147	0.744313	0.251546
SE 313.417	0.745482	0.256747
SE 313.687	0.751866	0.261269
SE 313.958	0.755397	0.267759
SE 314.23	0.759632	0.273491
SE 314.503	0.765756	0.278095
SE 314.776	0.769436	0.282674
SE 315.05	0.773665	0.289287
SE 315.325	0.77941		0.295147
SE 315.601	0.783796	0.297613
SE 315.878	0.787827	0.300724
SE 316.155	0.791558	0.304499
SE 316.433	0.796245	0.307074
SE 316.712	0.804307	0.31308
SE 316.991	0.807109	0.317474
SE 317.272	0.814041	0.317744
SE 317.553	0.818174	0.321336
SE 317.835	0.824471	0.32695
SE 318.118	0.83036		0.325789
SE 318.402	0.832901	0.331803
SE 318.686	0.842411	0.33139
SE 318.972	0.847857	0.331887
SE 319.258	0.853343	0.335125
SE 319.545	0.859613	0.336683
SE 319.833	0.864965	0.335684
SE 320.121	0.868845	0.335806
SE 320.411	0.878108	0.341052
SE 320.701	0.882031	0.338642
SE 320.992	0.888575	0.337541
SE 321.284	0.898816	0.339683
SE 321.577	0.904171	0.337012
SE 321.871	0.910248	0.337141
SE 322.166	0.919317	0.336184
SE 322.461	0.926153	0.33832
SE 322.757	0.935739	0.336498
SE 323.055	0.946262	0.334788
SE 323.353	0.952792	0.330142
SE 323.652	0.964075	0.328883
SE 323.952	0.97133		0.327251
SE 324.253	0.980973	0.325216
SE 324.554	0.996074	0.318953
SE 324.857	1.00305		0.315018
SE 325.16	1.01891		0.311646
SE 325.465	1.03223		0.309548
SE 325.77	1.04114		0.303954
SE 326.077	1.05596		0.29824
SE 326.384	1.06453		0.294027
SE 326.692	1.08329		0.28511
SE 327.001	1.09543		0.279357
SE 327.311	1.11424		0.272889
SE 327.622	1.12954		0.267546
SE 327.934	1.14714		0.258834
SE 328.247	1.16575		0.249452
SE 328.561	1.18966		0.243777
SE 328.876	1.20926		0.231206
SE 329.191	1.23023		0.224008
SE 329.508	1.25907		0.212468
SE 329.826	1.28533		0.20065
SE 330.145	1.31119		0.189482
SE 330.464	1.33764		0.175985
SE 330.785	1.37364		0.167984
SE 331.107	1.41224		0.151717
SE 331.43	1.44394		0.136534
SE 331.754	1.49408		0.124194
SE 332.078	1.53292		0.105698
SE 332.404	1.58311		0.0917699
SE 332.731	1.63154		0.0732315
SE 333.059	1.69829		0.0537381
SE 333.388	1.7662		0.0289083
SE 333.718	1.81905		0.0117938
SE 334.049	1.91913		-0.0119684
SE 334.381	1.98035		-0.0361227
SE 334.714	2.07965		-0.0606008
SE 335.049	2.22263		-0.0933883
SE 335.384	2.32614		-0.121981
SE 335.72	2.45381		-0.155112
SE 336.058	2.65437		-0.192182
SE 336.396	2.79905		-0.223697
SE 336.736	3.02921		-0.27988
SE 337.077	3.35071		-0.323585
SE 337.419	3.70033		-0.386334
SE 337.762	3.89557		-0.426566
SE 338.106	4.40739		-0.505145
SE 338.451	4.86779		-0.581698
SE 338.798	5.73147		-0.695545
SE 339.146	6.33561		-0.789238
SE 339.494	6.93874		-0.883056
SE 339.844	8.16856		-0.9999
SE 340.195	8.85308		-0.9999
SE 340.547	7.77068		-0.94637
SE 340.901	7.1502		-0.861951
SE 341.255	6.83113		-0.780091
SE 341.611	6.04905		-0.674051
SE 341.968	5.46753		-0.570289
SE 342.326	4.8078		-0.454611
SE 342.686	4.32157		-0.382507
SE 343.046	3.89972		-0.3115
SE 343.408	3.54059		-0.250067
SE 343.771	3.2398		-0.18953
SE 344.136	2.9667		-0.144072
SE 344.501	2.79444		-0.100945
SE 344.868	2.59472		-0.0596728
SE 345.236	2.41771		-0.0262262
SE 345.606	2.30154		0.00667067
SE 345.976	2.18378		0.0371169
SE 346.348	2.08086		0.066352
SE 346.721	1.97314		0.0939202
SE 347.096	1.89004		0.120201
SE 347.472	1.80456		0.140289
SE 347.849	1.73436		0.161815
SE 348.227	1.67203		0.182373
SE 348.607	1.61136		0.201935
SE 348.988	1.56228		0.220417
SE 349.371	1.51492		0.235164
SE 349.754	1.46742		0.250859
SE 350.14	1.42846		0.265868
SE 350.526	1.38427		0.280012
SE 350.914	1.35067		0.292527
SE 351.303	1.3196		0.306071
SE 351.694	1.2934		0.318419
SE 352.086	1.2646		0.331695
SE 352.48	1.24023		0.341249
SE 352.875	1.21585		0.351164
SE 353.271	1.19231		0.360349
SE 353.669	1.17103		0.368459
SE 354.068	1.1526		0.378484
SE 354.469	1.13177		0.38747
SE 354.871	1.11767		0.393562
SE 355.275	1.09844		0.398596
SE 355.68	1.08441		0.406625
SE 356.086	1.06949		0.412981
SE 356.495	1.05646		0.418285
SE 356.904	1.04268		0.424581
SE 357.315	1.02962		0.427764
SE 357.728	1.01706		0.433007
SE 358.142	1.00612		0.436085
SE 358.558	0.994281	0.440022
SE 358.975	0.984835	0.442054
SE 359.394	0.974032	0.445243
SE 359.815	0.964394	0.446784
SE 360.237	0.955494	0.450676
SE 360.661	0.947916	0.450689
SE 361.086	0.937999	0.451576
SE 361.513	0.93004		0.452108
SE 361.941	0.921666	0.45272
SE 362.372	0.914024	0.452596
SE 362.803	0.907999	0.454
SE 363.237	0.899989	0.451516
SE 363.672	0.891802	0.451671
SE 364.109	0.884292	0.451667
SE 364.547	0.878848	0.448536
SE 364.988	0.871547	0.446849
SE 365.43	0.865543	0.445944
SE 365.873	0.857145	0.44369
SE 366.319	0.850212	0.43953
SE 366.766	0.84396		0.435998
SE 367.215	0.837298	0.434143
SE 367.666	0.830937	0.431192
SE 368.118	0.823021	0.426524
SE 368.573	0.817052	0.422913
SE 369.029	0.810242	0.416864
SE 369.487	0.802921	0.41283
SE 369.947	0.796412	0.409341
SE 370.408	0.789789	0.401292
SE 370.872	0.784443	0.396103
SE 371.337	0.777013	0.390165
SE 371.804	0.770352	0.384916
SE 372.273	0.763527	0.378952
SE 372.745	0.756647	0.370814
SE 373.218	0.748903	0.367195
SE 373.693	0.742028	0.359023
SE 374.169	0.735077	0.352585
SE 374.648	0.727626	0.34486
SE 375.129	0.720559	0.337999
SE 375.612	0.712654	0.328661
SE 376.097	0.70578		0.321561
SE 376.584	0.69801		0.314088
SE 377.073	0.690895	0.306489
SE 377.564	0.682386	0.29737
SE 378.057	0.675139	0.289565
SE 378.552	0.66743		0.279517
SE 379.049	0.659169	0.270927
SE 379.548	0.65155		0.26176
SE 380.05	0.644852	0.252881
SE 380.553	0.636498	0.242862
SE 381.059	0.628625	0.23197
SE 381.567	0.621219	0.222636
SE 382.077	0.61277		0.212979
SE 382.589	0.604503	0.202603
SE 383.104	0.597234	0.19037
SE 383.621	0.588999	0.180356
SE 384.14	0.581227	0.169151
SE 384.661	0.572174	0.156972
SE 385.184	0.56364		0.145491
SE 385.71	0.555973	0.133582
SE 386.238	0.547033	0.121505
SE 386.769	0.538182	0.107651
SE 387.302	0.529576	0.0942582
SE 387.837	0.520675	0.0829336
SE 388.375	0.511528	0.0682921
SE 388.915	0.503227	0.0539115
SE 389.457	0.494148	0.0388815
SE 390.002	0.484375	0.0254698
SE 390.55	0.476054	0.00980256
SE 391.099	0.467134	-0.00463707
SE 391.652	0.458086	-0.0212542
SE 392.207	0.448644	-0.0375662
SE 392.764	0.439539	-0.0559922
SE 393.324	0.430568	-0.0714471
SE 393.887	0.42127		-0.0899555
SE 394.452	0.411713	-0.10808
SE 395.02	0.402552	-0.12518
SE 395.59	0.393053	-0.145773
SE 396.163	0.383632	-0.162604
SE 396.739	0.373835	-0.184958
SE 397.318	0.364814	-0.206058
SE 397.899	0.355517	-0.225075
SE 398.483	0.345783	-0.249676
SE 399.07	0.336496	-0.271392
SE 399.659	0.327528	-0.295169
SE 400.251	0.318106	-0.319678
SE 400.847	0.308195	-0.342816
SE 401.445	0.298423	-0.372039
SE 402.046	0.289143	-0.40023
SE 402.65	0.279423	-0.427783
SE 403.256	0.270424	-0.453417
SE 403.866	0.260883	-0.483693
SE 404.479	0.252778	-0.514182
SE 405.094	0.243962	-0.544494
SE 405.713	0.234593	-0.578772
SE 406.335	0.226187	-0.613353
SE 406.96	0.217551	-0.643869
SE 407.588	0.208802	-0.682138
SE 408.219	0.201036	-0.718688
SE 408.853	0.193581	-0.75293
SE 409.491	0.186278	-0.787537
SE 410.131	0.180041	-0.821788
SE 410.775	0.174111	-0.855058
SE 411.423	0.167421	-0.892162
SE 412.073	0.161501	-0.923083
SE 412.727	0.15693		-0.950323
SE 413.384	0.153527	-0.967863
SE 414.045	0.149754	-0.98806
SE 414.709	0.147488	-0.996536
SE 415.376	0.145575	-0.9999
SE 416.047	0.143882	-0.9999
SE 416.721	0.145443	-0.981264
SE 417.399	0.145598	-0.966461
SE 418.081	0.148226	-0.932064
SE 418.766	0.150527	-0.900897
SE 419.455	0.153829	-0.862605
SE 420.147	0.158087	-0.820884
SE 420.843	0.162301	-0.776155
SE 421.543	0.167619	-0.731345
SE 422.246	0.173757	-0.68611
SE 422.954	0.179813	-0.638462
SE 423.665	0.18585		-0.593263
SE 424.38	0.194088	-0.545614
SE 425.099	0.201167	-0.501404
SE 425.822	0.208022	-0.462679
SE 426.549	0.216496	-0.418373
SE 427.28	0.224142	-0.381752
SE 428.015	0.232567	-0.345137
SE 428.754	0.240997	-0.305734
SE 429.497	0.249245	-0.272473
SE 430.244	0.25774		-0.241412
SE 430.996	0.265946	-0.21013
SE 431.752	0.274826	-0.180813
SE 432.512	0.28363		-0.152945
SE 433.276	0.292045	-0.124424
SE 434.045	0.30067		-0.096966
SE 434.818	0.309496	-0.0732761
SE 435.596	0.318209	-0.0488119
SE 436.378	0.326951	-0.0257976
SE 437.165	0.33568		-0.00316703
SE 437.956	0.34364		0.018425
SE 438.752	0.352527	0.038377
SE 439.552	0.361607	0.0590435
SE 440.358	0.369835	0.0789401
SE 441.168	0.377989	0.0962743
SE 441.983	0.387613	0.113933
SE 442.803	0.395104	0.131363
SE 443.627	0.40411		0.148543
SE 444.457	0.411933	0.163806
SE 445.292	0.420653	0.179974
SE 446.131	0.428883	0.196395
SE 446.976	0.436773	0.210345
SE 447.826	0.44494		0.22446
SE 448.682	0.453259	0.23802
SE 449.542	0.461322	0.251181
SE 450.408	0.469128	0.263829
SE 451.28	0.477068	0.276945
SE 452.156	0.485233	0.289274
SE 453.039	0.493087	0.300663
SE 453.927	0.501156	0.311239
SE 454.82	0.508744	0.323368
SE 455.719	0.516972	0.333282
SE 456.624	0.524431	0.343889
SE 457.535	0.53183		0.353144
SE 458.452	0.539959	0.363561
SE 459.374	0.547348	0.373004
SE 460.303	0.555168	0.381723
SE 461.237	0.56328		0.391017
SE 462.178	0.57035		0.398993
SE 463.125	0.578236	0.406992
SE 464.079	0.585288	0.414523
SE 465.038	0.592879	0.422161
SE 466.004	0.601003	0.429217
SE 466.977	0.608612	0.435754
SE 467.956	0.616468	0.443063
SE 468.942	0.623998	0.44869
SE 469.934	0.631782	0.455863
SE 470.934	0.640326	0.462177
SE 471.94	0.648532	0.467538
SE 472.953	0.657044	0.474135
SE 473.973	0.664414	0.480238
SE 475.001	0.672848	0.485605
SE 476.035	0.681979	0.48922
SE 477.077	0.690847	0.494391
SE 478.126	0.699677	0.499878
SE 479.183	0.707863	0.501968
SE 480.247	0.716373	0.506579
SE 481.319	0.725527	0.510607
SE 482.399	0.734975	0.514286
SE 483.486	0.744954	0.517297
SE 484.582	0.754607	0.519349
SE 485.685	0.765208	0.523687
SE 486.797	0.775846	0.525272
SE 487.917	0.786486	0.528544
SE 489.045	0.797016	0.53071
SE 490.182	0.809713	0.533204
SE 491.327	0.820919	0.53442
SE 492.481	0.834096	0.536379
SE 493.643	0.847013	0.538319
SE 494.815	0.861073	0.540456
SE 495.995	0.875192	0.540359
SE 497.185	0.889919	0.541622
SE 498.384	0.906111	0.541535
SE 499.592	0.924478	0.543392
SE 500.81	0.942158	0.544067
SE 502.037	0.961398	0.545229
SE 503.274	0.979386	0.544471
SE 504.521	1.00138		0.54571
SE 505.778	1.02508		0.545312
SE 507.046	1.05041		0.543937
SE 508.323	1.07721		0.546513
SE 509.611	1.10572		0.547011
SE 510.909	1.13606		0.546634
SE 512.219	1.17105		0.548735
SE 513.539	1.2056		0.548951
SE 514.87	1.2478		0.551444
SE 516.212	1.29154		0.553087
SE 517.566	1.34008		0.55569
SE 518.931	1.39268		0.5595
SE 520.307	1.45177		0.563988
SE 521.696	1.51626		0.569015
SE 523.097	1.59208		0.576472
SE 524.51	1.67504		0.584093
SE 525.935	1.76743		0.595875
SE 527.372	1.86619		0.609321
SE 528.823	1.99009		0.627856
SE 530.286	2.12565		0.646676
SE 531.763	2.27859		0.674431
SE 533.253	2.45116		0.704766
SE 534.756	2.62666		0.733982
SE 536.273	2.83413		0.775324
SE 537.804	3.07346		0.82177
SE 539.35	3.28797		0.865133
SE 540.909	3.51867		0.91453
SE 542.484	3.7376		0.966167
SE 544.073	3.83398		0.986007
SE 545.677	3.87765		0.997937
SE 547.297	3.83009		0.993641
SE 548.932	3.64871		0.956758
SE 550.583	3.44229		0.918753
SE 552.25	3.21784		0.877445
SE 553.934	2.98971		0.835862
SE 555.634	2.73524		0.788919
SE 557.351	2.54317		0.754279
SE 559.085	2.34878		0.722359
SE 560.837	2.18845		0.697121
SE 562.607	2.04618		0.675818
SE 564.395	1.90729		0.654965
SE 566.201	1.79266		0.639669
SE 568.026	1.69085		0.628954
SE 569.87	1.59639		0.616104
SE 571.733	1.52046		0.610253
SE 573.617	1.44976		0.604464
SE 575.52	1.38206		0.598919
SE 577.444	1.32223		0.593425
SE 579.389	1.26958		0.59067
SE 581.355	1.2189		0.589207
SE 583.342	1.17846		0.587405
SE 585.352	1.13733		0.587238
SE 587.385	1.10151		0.586839
SE 589.44	1.06645		0.584221
SE 591.518	1.0337		0.583889
SE 593.621	1.00606		0.582722
SE 595.747	0.977652	0.58403
SE 597.898	0.953246	0.584125
SE 600.075	0.927858	0.583902
SE 602.277	0.907294	0.58269
SE 604.506	0.885505	0.583513
SE 606.761	0.865214	0.581066
SE 609.044	0.846116	0.580246
SE 611.355	0.827749	0.579468
SE 613.694	0.810603	0.578088
SE 616.062	0.794537	0.577707
SE 618.46	0.777998	0.576165
SE 620.888	0.762129	0.572818
SE 623.347	0.747381	0.572172
SE 625.838	0.7333		0.569371
SE 628.361	0.719841	0.567149
SE 630.918	0.705759	0.56362
SE 633.508	0.691178	0.560298
SE 636.133	0.678155	0.556389
SE 638.793	0.665561	0.552818
SE 641.489	0.652605	0.549766
SE 644.222	0.639618	0.545887
SE 646.993	0.627609	0.541466
SE 649.803	0.615352	0.537364
SE 652.653	0.601821	0.532306
SE 655.543	0.590838	0.526718
SE 658.475	0.577743	0.521231
SE 661.45	0.56583		0.513633
SE 664.468	0.552935	0.51103
SE 667.531	0.540417	0.503586
SE 670.641	0.527808	0.497368
SE 673.797	0.51566		0.490626
SE 677.002	0.502253	0.482813
SE 680.256	0.489835	0.475979
SE 683.561	0.477323	0.468787
SE 686.919	0.464068	0.460424
SE 690.33	0.450176	0.452525
SE 693.797	0.437234	0.444272
SE 697.32	0.423424	0.437456
SE 700.902	0.409343	0.427336
SE 704.543	0.395418	0.418418
SE 708.247	0.381548	0.410287
SE 712.013	0.366877	0.401898
SE 715.845	0.352441	0.392551
SE 719.745	0.336097	0.384176
SE 723.713	0.322048	0.375345
SE 727.753	0.305694	0.365659
SE 731.866	0.291006	0.358244
SE 736.056	0.275		0.349523
SE 740.323	0.258782	0.343288
SE 744.672	0.240983	0.332428
SE 749.104	0.225042	0.331881
SE 753.622	0.209373	0.324633
SE 758.229	0.192043	0.323745
SE 762.928	0.174591	0.324509
SE 767.722	0.157253	0.328872
SE 772.614	0.143612	0.349494
SE 777.609	0.123744	0.336453
