SE PSI DELTA			
AOI	71.6193		
A	25		
NA	0.045		
SE	239.976	0.69421	-0.248721
SE	240.073	0.694257	-0.249034
SE	240.17	0.694307	-0.249352
SE	240.267	0.694361	-0.249674
SE	240.364	0.694418	-0.249999
SE	240.461	0.694478	-0.250328
SE	240.559	0.694542	-0.250665
SE	240.657	0.694609	-0.251006
SE	240.755	0.694679	-0.25135
SE	240.853	0.694751	-0.251698
SE	240.951	0.694827	-0.25205
SE	241.049	0.694906	-0.252406
SE	241.148	0.694988	-0.25277
SE	241.247	0.695073	-0.253137
SE	241.345	0.69516	-0.253504
SE	241.445	0.695251	-0.253883
SE	241.544	0.695344	-0.254262
SE	241.643	0.695439	-0.254644
SE	241.743	0.695538	-0.255035
SE	241.842	0.695638	-0.255425
SE	241.942	0.695742	-0.255823
SE	242.042	0.695847	-0.256225
SE	242.142	0.695955	-0.25663
SE	242.243	0.696066	-0.257044
SE	242.343	0.696179	-0.257457
SE	242.444	0.696294	-0.257878
SE	242.545	0.696411	-0.258303
SE	242.646	0.69653	-0.258732
SE	242.747	0.696651	-0.259164
SE	242.849	0.696775	-0.259605
SE	242.95	0.696899	-0.260045
SE	243.052	0.697026	-0.260493
SE	243.154	0.697155	-0.260945
SE	243.256	0.697285	-0.261401
SE	243.358	0.697416	-0.261861
SE	243.46	0.697549	-0.262324
SE	243.563	0.697685	-0.262796
SE	243.666	0.697821	-0.263271
SE	243.769	0.697959	-0.26375
SE	243.872	0.698098	-0.264233
SE	243.975	0.698238	-0.26472
SE	244.079	0.69838	-0.265215
SE	244.182	0.698522	-0.265709
SE	244.286	0.698665	-0.266211
SE	244.39	0.69881	-0.266717
SE	244.494	0.698955	-0.267228
SE	244.599	0.699102	-0.267746
SE	244.703	0.699248	-0.268263
SE	244.808	0.699396	-0.268789
SE	244.913	0.699545	-0.269319
SE	245.018	0.699693	-0.269852
SE	245.123	0.699843	-0.270389
SE	245.228	0.699995	-0.270928
SE	245.334	0.700151	-0.271475
SE	245.44	0.700309	-0.272026
SE	245.546	0.700468	-0.272579
SE	245.652	0.70063	-0.273136
SE	245.758	0.700793	-0.273696
SE	245.865	0.70096	-0.274264
SE	245.972	0.701128	-0.274835
SE	246.078	0.701297	-0.275405
SE	246.185	0.701469	-0.275984
SE	246.293	0.701644	-0.276571
SE	246.4	0.701819	-0.277157
SE	246.508	0.701998	-0.277752
SE	246.616	0.702178	-0.27835
SE	246.724	0.702359	-0.278953
SE	246.832	0.702542	-0.279559
SE	246.94	0.702726	-0.280169
SE	247.049	0.702913	-0.280789
SE	247.158	0.703101	-0.281413
SE	247.267	0.703291	-0.282041
SE	247.376	0.703482	-0.282673
SE	247.485	0.703674	-0.28331
SE	247.595	0.703868	-0.283956
SE	247.704	0.704062	-0.284602
SE	247.814	0.704259	-0.285257
SE	247.924	0.704457	-0.285918
SE	248.035	0.704657	-0.286588
SE	248.145	0.704856	-0.287258
SE	248.256	0.705058	-0.287938
SE	248.367	0.70526	-0.288624
SE	248.478	0.705464	-0.289314
SE	248.589	0.705667	-0.290009
SE	248.701	0.705873	-0.290715
SE	248.812	0.706078	-0.291421
SE	248.924	0.706285	-0.292137
SE	249.036	0.706493	-0.29286
SE	249.149	0.706702	-0.293593
SE	249.261	0.70691	-0.294326
SE	249.374	0.70712	-0.295071
SE	249.487	0.707331	-0.295821
SE	249.6	0.707541	-0.296577
SE	249.713	0.707752	-0.297339
SE	249.827	0.707964	-0.298113
SE	249.94	0.708174	-0.298886
SE	250.054	0.708384	-0.299673
SE	250.168	0.708532	-0.300492
SE	250.283	0.708683	-0.301322
SE	250.397	0.708835	-0.302149
SE	250.512	0.70899	-0.302987
SE	250.627	0.709147	-0.303828
SE	250.742	0.709306	-0.304673
SE	250.857	0.709466	-0.305522
SE	250.973	0.709629	-0.306383
SE	251.089	0.709794	-0.307247
SE	251.205	0.709959	-0.308116
SE	251.321	0.710126	-0.308988
SE	251.437	0.710294	-0.309866
SE	251.554	0.710464	-0.310755
SE	251.671	0.710635	-0.311648
SE	251.788	0.710807	-0.312546
SE	251.905	0.71098	-0.313449
SE	252.023	0.711154	-0.314364
SE	252.14	0.711328	-0.315276
SE	252.258	0.711503	-0.316201
SE	252.376	0.711678	-0.317131
SE	252.495	0.711855	-0.318074
SE	252.613	0.71203	-0.319012
SE	252.732	0.712194	-0.319892
SE	252.851	0.712357	-0.320778
SE	252.97	0.71252	-0.321669
SE	253.09	0.712684	-0.322573
SE	253.209	0.712846	-0.323476
SE	253.329	0.713008	-0.324391
SE	253.449	0.713169	-0.325313
SE	253.569	0.71333	-0.32624
SE	253.69	0.71349	-0.327181
SE	253.811	0.713649	-0.328128
SE	253.932	0.713807	-0.329082
SE	254.053	0.713964	-0.330041
SE	254.175	0.714119	-0.331015
SE	254.296	0.714273	-0.331987
SE	254.418	0.714425	-0.332973
SE	254.54	0.714576	-0.333967
SE	254.663	0.714725	-0.334974
SE	254.785	0.714872	-0.335981
SE	254.908	0.715017	-0.337002
SE	255.031	0.71516	-0.33803
SE	255.154	0.715303	-0.339064
SE	255.278	0.715461	-0.34011
SE	255.402	0.715805	-0.341154
SE	255.526	0.71615	-0.342203
SE	255.65	0.716495	-0.343257
SE	255.774	0.716842	-0.344317
SE	255.899	0.717191	-0.345389
SE	256.024	0.717541	-0.346467
SE	256.149	0.717891	-0.34755
SE	256.275	0.718244	-0.348646
SE	256.4	0.718593	-0.349739
SE	256.526	0.718946	-0.350846
SE	256.652	0.719297	-0.351958
SE	256.779	0.719651	-0.353084
SE	256.905	0.720002	-0.354207
SE	257.032	0.720354	-0.355343
SE	257.159	0.720704	-0.356485
SE	257.286	0.721054	-0.357633
SE	257.414	0.721405	-0.358795
SE	257.542	0.721754	-0.359961
SE	257.67	0.722101	-0.361134
SE	257.798	0.722446	-0.362312
SE	257.927	0.722792	-0.363504
SE	258.056	0.723129	-0.364701
SE	258.185	0.723348	-0.365868
SE	258.315	0.723564	-0.367041
SE	258.444	0.723779	-0.368228
SE	258.574	0.723989	-0.369412
SE	258.704	0.724199	-0.37062
SE	258.835	0.724404	-0.371824
SE	258.965	0.724604	-0.373035
SE	259.096	0.724803	-0.37426
SE	259.227	0.724997	-0.375491
SE	259.359	0.725189	-0.376737
SE	259.49	0.725374	-0.37798
SE	259.622	0.725556	-0.379238
SE	259.754	0.725734	-0.380502
SE	259.887	0.725908	-0.381781
SE	260.019	0.726075	-0.383057
SE	260.152	0.726242	-0.384348
SE	260.285	0.726407	-0.385643
SE	260.419	0.726573	-0.386953
SE	260.552	0.726736	-0.388258
SE	260.686	0.7269	-0.389577
SE	260.82	0.727062	-0.390901
SE	260.955	0.727279	-0.392367
SE	261.09	0.727494	-0.39384
SE	261.225	0.727707	-0.395316
SE	261.36	0.727919	-0.396798
SE	261.496	0.728129	-0.398295
SE	261.632	0.728337	-0.399796
SE	261.768	0.728543	-0.401302
SE	261.904	0.728745	-0.402813
SE	262.041	0.728947	-0.40434
SE	262.178	0.729145	-0.405871
SE	262.315	0.729339	-0.407406
SE	262.452	0.729531	-0.408946
SE	262.59	0.72972	-0.410502
SE	262.728	0.729905	-0.412062
SE	262.866	0.730086	-0.413628
SE	263.005	0.730265	-0.415208
SE	263.144	0.730438	-0.416794
SE	263.283	0.730608	-0.418383
SE	263.422	0.730773	-0.419978
SE	263.562	0.730934	-0.421588
SE	263.702	0.731089	-0.423203
SE	263.842	0.731155	-0.424786
SE	263.983	0.731217	-0.426385
SE	264.123	0.731272	-0.427977
SE	264.265	0.731323	-0.429595
SE	264.406	0.731367	-0.431207
SE	264.548	0.731406	-0.432833
SE	264.69	0.731439	-0.434464
SE	264.832	0.731465	-0.4361
SE	264.975	0.731484	-0.43775
SE	265.117	0.7315	-0.439393
SE	265.261	0.731517	-0.441058
SE	265.404	0.731535	-0.442713
SE	265.548	0.731553	-0.444381
SE	265.692	0.73157	-0.446049
SE	265.836	0.731587	-0.447719
SE	265.981	0.731602	-0.449402
SE	266.126	0.731616	-0.451088
SE	266.271	0.731628	-0.452775
SE	266.417	0.731637	-0.454476
SE	266.563	0.731643	-0.45618
SE	266.709	0.731647	-0.457886
SE	266.855	0.731682	-0.459586
SE	267.002	0.731712	-0.461301
SE	267.149	0.731738	-0.46302
SE	267.296	0.731758	-0.464743
SE	267.444	0.731773	-0.466482
SE	267.592	0.731781	-0.468226
SE	267.74	0.731783	-0.469974
SE	267.889	0.731778	-0.471739
SE	268.038	0.731765	-0.47351
SE	268.187	0.731745	-0.475286
SE	268.337	0.731716	-0.47708
SE	268.487	0.731678	-0.47888
SE	268.637	0.73163	-0.480685
SE	268.787	0.731574	-0.482498
SE	268.938	0.731507	-0.484329
SE	269.089	0.731429	-0.486168
SE	269.241	0.73134	-0.488025
SE	269.393	0.73124	-0.48989
SE	269.545	0.731128	-0.491763
SE	269.697	0.730999	-0.493639
SE	269.85	0.730744	-0.495426
SE	270.003	0.730476	-0.497222
SE	270.156	0.730204	-0.499031
SE	270.31	0.729934	-0.500869
SE	270.464	0.729668	-0.502722
SE	270.618	0.729403	-0.50459
SE	270.773	0.729138	-0.506482
SE	270.928	0.728872	-0.508386
SE	271.084	0.728604	-0.51031
SE	271.239	0.728336	-0.512232
SE	271.396	0.728061	-0.514186
SE	271.552	0.727783	-0.516132
SE	271.709	0.727499	-0.518096
SE	271.866	0.727208	-0.520064
SE	272.023	0.72691	-0.522033
SE	272.181	0.726603	-0.524016
SE	272.339	0.726286	-0.525998
SE	272.498	0.725956	-0.527992
SE	272.657	0.725625	-0.529988
SE	272.816	0.725461	-0.532089
SE	272.975	0.725284	-0.534185
SE	273.135	0.72509	-0.536288
SE	273.295	0.724881	-0.538383
SE	273.456	0.724652	-0.540483
SE	273.617	0.724406	-0.542574
SE	273.778	0.72414	-0.544655
SE	273.94	0.723852	-0.546738
SE	274.102	0.723543	-0.548808
SE	274.264	0.723212	-0.550867
SE	274.427	0.722855	-0.552924
SE	274.59	0.722474	-0.554966
SE	274.753	0.722067	-0.556994
SE	274.917	0.721631	-0.559018
SE	275.081	0.721167	-0.561027
SE	275.246	0.720677	-0.563046
SE	275.411	0.720164	-0.565064
SE	275.576	0.71963	-0.56708
SE	275.742	0.719072	-0.569108
SE	275.908	0.71849	-0.57113
SE	276.074	0.717801	-0.573095
SE	276.241	0.717091	-0.57507
SE	276.408	0.716366	-0.577042
SE	276.576	0.715627	-0.579012
SE	276.744	0.714871	-0.580991
SE	276.913	0.7141	-0.582977
SE	277.081	0.713321	-0.584948
SE	277.25	0.712529	-0.586927
SE	277.42	0.711724	-0.588913
SE	277.589	0.710916	-0.590883
SE	277.76	0.710092	-0.59287
SE	277.93	0.709268	-0.594841
SE	278.101	0.708434	-0.596817
SE	278.273	0.707593	-0.598797
SE	278.444	0.706754	-0.60076
SE	278.616	0.705908	-0.602726
SE	278.789	0.705058	-0.604696
SE	278.962	0.704208	-0.606657
SE	279.135	0.703359	-0.608611
SE	279.309	0.702508	-0.610623
SE	279.483	0.701661	-0.612624
SE	279.658	0.700813	-0.614626
SE	279.833	0.699969	-0.616616
SE	280.008	0.699132	-0.618595
SE	280.184	0.698305	-0.620581
SE	280.36	0.697498	-0.622568
SE	280.536	0.696709	-0.624556
SE	280.713	0.695931	-0.626554
SE	280.891	0.695161	-0.628561
SE	281.069	0.694401	-0.630565
SE	281.247	0.693647	-0.632565
SE	281.425	0.692898	-0.634561
SE	281.605	0.692143	-0.636572
SE	281.784	0.691391	-0.638566
SE	281.964	0.690631	-0.640563
SE	282.144	0.689865	-0.642552
SE	282.325	0.689086	-0.644543
SE	282.506	0.688309	-0.646494
SE	282.688	0.687513	-0.648445
SE	282.87	0.686701	-0.650387
SE	283.052	0.685869	-0.652318
SE	283.235	0.68501	-0.65425
SE	283.419	0.684123	-0.65618
SE	283.602	0.683213	-0.65809
SE	283.787	0.682263	-0.66001
SE	283.971	0.681287	-0.661909
SE	284.156	0.68027	-0.663807
SE	284.342	0.67921	-0.665705
SE	284.528	0.678111	-0.667593
SE	284.714	0.676969	-0.669472
SE	284.901	0.675777	-0.671351
SE	285.088	0.674537	-0.673229
SE	285.276	0.673249	-0.675155
SE	285.464	0.671921	-0.677123
SE	285.653	0.670551	-0.679136
SE	285.842	0.669159	-0.681145
SE	286.032	0.66773	-0.683189
SE	286.222	0.666277	-0.685255
SE	286.413	0.664794	-0.687346
SE	286.603	0.663299	-0.689436
SE	286.795	0.661772	-0.691553
SE	286.987	0.660231	-0.693668
SE	287.179	0.658679	-0.695778
SE	287.372	0.657108	-0.697886
SE	287.565	0.65553	-0.699976
SE	287.759	0.653938	-0.702055
SE	287.954	0.652333	-0.704115
SE	288.149	0.650724	-0.706142
SE	288.344	0.649113	-0.708128
SE	288.54	0.647492	-0.71008
SE	288.736	0.64587	-0.71198
SE	288.932	0.644247	-0.713825
SE	289.13	0.642608	-0.715626
SE	289.327	0.640987	-0.71744
SE	289.526	0.63935	-0.719196
SE	289.724	0.637719	-0.720864
SE	289.923	0.636079	-0.722453
SE	290.123	0.634418	-0.723967
SE	290.323	0.632702	-0.725432
SE	290.524	0.630923	-0.726861
SE	290.725	0.629096	-0.72825
SE	290.927	0.627216	-0.729607
SE	291.129	0.625297	-0.730928
SE	291.332	0.623334	-0.732222
SE	291.535	0.621342	-0.733485
SE	291.74	0.619316	-0.734723
SE	291.944	0.617272	-0.735932
SE	292.149	0.615204	-0.73712
SE	292.354	0.613127	-0.738281
SE	292.56	0.611038	-0.739422
SE	292.766	0.60895	-0.740538
SE	292.973	0.606825	-0.741634
SE	293.18	0.604714	-0.742705
SE	293.388	0.602612	-0.743755
SE	293.597	0.600524	-0.744786
SE	293.806	0.598469	-0.745789
SE	294.015	0.596448	-0.746766
SE	294.225	0.594461	-0.747719
SE	294.436	0.592514	-0.748647
SE	294.647	0.590621	-0.749543
SE	294.859	0.58878	-0.75041
SE	295.071	0.587001	-0.75124
SE	295.284	0.585236	-0.752013
SE	295.497	0.583476	-0.752721
SE	295.711	0.581714	-0.753372
SE	295.926	0.579951	-0.753967
SE	296.141	0.578195	-0.754509
SE	296.357	0.57644	-0.755002
SE	296.573	0.574701	-0.755435
SE	296.789	0.572971	-0.755826
SE	297.007	0.571236	-0.756181
SE	297.225	0.569513	-0.756501
SE	297.443	0.567803	-0.756791
SE	297.662	0.566101	-0.757054
SE	297.882	0.564407	-0.757296
SE	298.102	0.562732	-0.75752
SE	298.323	0.56107	-0.75773
SE	298.544	0.559429	-0.75793
SE	298.766	0.557806	-0.758126
SE	298.989	0.556202	-0.758322
SE	299.212	0.554628	-0.758522
SE	299.436	0.553078	-0.758732
SE	299.66	0.551563	-0.758955
SE	299.885	0.550078	-0.759198
SE	300.11	0.548632	-0.759453
SE	300.336	0.547193	-0.759616
SE	300.563	0.545777	-0.759749
SE	300.791	0.544385	-0.759852
SE	301.019	0.543021	-0.759927
SE	301.248	0.541678	-0.759976
SE	301.477	0.540361	-0.760002
SE	301.707	0.539062	-0.760006
SE	301.937	0.537787	-0.759991
SE	302.168	0.536529	-0.759959
SE	302.4	0.535288	-0.759912
SE	302.633	0.534062	-0.759852
SE	302.865	0.532861	-0.759784
SE	303.099	0.531669	-0.759709
SE	303.333	0.530494	-0.75963
SE	303.569	0.529327	-0.75955
SE	303.804	0.528181	-0.759473
SE	304.04	0.527082	-0.759435
SE	304.277	0.525992	-0.759407
SE	304.515	0.524911	-0.759391
SE	304.753	0.523842	-0.759392
SE	304.992	0.522781	-0.759413
SE	305.232	0.521734	-0.759442
SE	305.473	0.520712	-0.759464
SE	305.714	0.51971	-0.75948
SE	305.955	0.518733	-0.759489
SE	306.198	0.517769	-0.759492
SE	306.441	0.516828	-0.759491
SE	306.684	0.515907	-0.759486
SE	306.928	0.515001	-0.759478
SE	307.174	0.514106	-0.759468
SE	307.419	0.513232	-0.759456
SE	307.666	0.512367	-0.759444
SE	307.913	0.511532	-0.759444
SE	308.161	0.510707	-0.759444
SE	308.409	0.509895	-0.759448
SE	308.658	0.50909	-0.759456
SE	308.908	0.508293	-0.759469
SE	309.159	0.507501	-0.759489
SE	309.41	0.506717	-0.759516
SE	309.662	0.505935	-0.759552
SE	309.915	0.505156	-0.7596
SE	310.169	0.504381	-0.759657
SE	310.423	0.503623	-0.759716
SE	310.678	0.502878	-0.759778
SE	310.934	0.502147	-0.759842
SE	311.19	0.501431	-0.759909
SE	311.448	0.500725	-0.759978
SE	311.706	0.500033	-0.760051
SE	311.964	0.499347	-0.760137
SE	312.224	0.498668	-0.760226
SE	312.484	0.498002	-0.760318
SE	312.745	0.497343	-0.760415
SE	313.007	0.496692	-0.760516
SE	313.27	0.496048	-0.760621
SE	313.533	0.495412	-0.760731
SE	313.797	0.494782	-0.760847
SE	314.062	0.494156	-0.760968
SE	314.328	0.493533	-0.761095
SE	314.594	0.492915	-0.761228
SE	314.862	0.492297	-0.761369
SE	315.13	0.491683	-0.761516
SE	315.399	0.491077	-0.761669
SE	315.668	0.490482	-0.761826
SE	315.939	0.489874	-0.761989
SE	316.21	0.489277	-0.762157
SE	316.482	0.488688	-0.76233
SE	316.755	0.488107	-0.762509
SE	317.029	0.487532	-0.762692
SE	317.304	0.486964	-0.762881
SE	317.579	0.486405	-0.763075
SE	317.855	0.485851	-0.763274
SE	318.133	0.485302	-0.763479
SE	318.411	0.484756	-0.763689
SE	318.69	0.484218	-0.763903
SE	318.97	0.483682	-0.764123
SE	319.25	0.483151	-0.764348
SE	319.532	0.482621	-0.764579
SE	319.814	0.482095	-0.764815
SE	320.097	0.48157	-0.765057
SE	320.381	0.481039	-0.765332
SE	320.666	0.480514	-0.765614
SE	320.952	0.479995	-0.765902
SE	321.238	0.479484	-0.766194
SE	321.526	0.478976	-0.766492
SE	321.814	0.478476	-0.766795
SE	322.104	0.47798	-0.767105
SE	322.394	0.47749	-0.767419
SE	322.685	0.477005	-0.767738
SE	322.977	0.476525	-0.768062
SE	323.27	0.476049	-0.768391
SE	323.564	0.475578	-0.768726
SE	323.859	0.47511	-0.769065
SE	324.155	0.474646	-0.76941
SE	324.451	0.474187	-0.769757
SE	324.749	0.473729	-0.770088
SE	325.048	0.473274	-0.770424
SE	325.347	0.472825	-0.770764
SE	325.648	0.472379	-0.771109
SE	325.949	0.47194	-0.771459
SE	326.252	0.471504	-0.771815
SE	326.555	0.471075	-0.772174
SE	326.86	0.470649	-0.77254
SE	327.165	0.470229	-0.77291
SE	327.471	0.469814	-0.773284
SE	327.779	0.469403	-0.773665
SE	328.087	0.468998	-0.774049
SE	328.396	0.468598	-0.774439
SE	328.707	0.468201	-0.774835
SE	329.018	0.467799	-0.775256
SE	329.331	0.467401	-0.775684
SE	329.644	0.467008	-0.776115
SE	329.959	0.466621	-0.776551
SE	330.275	0.466237	-0.776993
SE	330.591	0.46586	-0.777437
SE	330.909	0.465486	-0.777887
SE	331.228	0.465118	-0.778341
SE	331.547	0.464756	-0.778799
SE	331.868	0.464399	-0.779262
SE	332.19	0.464047	-0.77973
SE	332.513	0.463702	-0.780204
SE	332.837	0.463362	-0.780683
SE	333.162	0.463029	-0.781168
SE	333.488	0.462703	-0.781658
SE	333.815	0.462394	-0.782163
SE	334.143	0.462093	-0.782675
SE	334.473	0.461797	-0.783194
SE	334.803	0.46151	-0.783719
SE	335.135	0.46123	-0.784252
SE	335.468	0.460955	-0.784789
SE	335.802	0.460687	-0.785329
SE	336.137	0.460425	-0.785874
SE	336.473	0.46017	-0.786424
SE	336.811	0.459922	-0.78698
SE	337.149	0.459682	-0.787541
SE	337.489	0.45945	-0.78811
SE	337.83	0.459226	-0.788686
SE	338.172	0.45901	-0.789269
SE	338.515	0.458814	-0.78982
SE	338.859	0.458627	-0.790381
SE	339.205	0.458449	-0.790952
SE	339.551	0.458282	-0.791532
SE	339.899	0.458125	-0.792125
SE	340.249	0.457978	-0.792728
SE	340.599	0.457839	-0.793334
SE	340.951	0.457708	-0.793945
SE	341.305	0.457587	-0.794562
SE	341.659	0.457474	-0.795185
SE	342.015	0.457372	-0.795818
SE	342.371	0.457281	-0.796459
SE	342.729	0.457203	-0.797109
SE	343.088	0.45719	-0.797667
SE	343.449	0.457191	-0.798239
SE	343.811	0.457205	-0.798825
SE	344.174	0.457234	-0.799427
SE	344.538	0.457279	-0.800046
SE	344.904	0.45734	-0.800685
SE	345.271	0.457415	-0.801337
SE	345.639	0.4575	-0.801989
SE	346.009	0.457596	-0.802646
SE	346.38	0.457704	-0.803309
SE	346.752	0.457825	-0.803983
SE	347.126	0.457962	-0.804673
SE	347.501	0.458117	-0.805381
SE	347.878	0.45829	-0.806114
SE	348.256	0.458471	-0.806966
SE	348.635	0.458675	-0.807846
SE	349.015	0.458903	-0.808758
SE	349.397	0.459159	-0.809709
SE	349.781	0.459444	-0.810703
SE	350.166	0.45976	-0.811732
SE	350.552	0.460105	-0.812751
SE	350.94	0.46048	-0.813761
SE	351.329	0.460883	-0.814774
SE	351.72	0.461311	-0.815802
SE	352.112	0.461764	-0.816861
SE	352.506	0.462243	-0.817963
SE	352.901	0.462744	-0.819122
SE	353.297	0.463241	-0.820399
SE	353.696	0.463761	-0.82176
SE	354.095	0.464301	-0.82321
SE	354.496	0.464862	-0.824766
SE	354.899	0.465444	-0.826439
SE	355.303	0.466074	-0.828207
SE	355.709	0.466806	-0.830008
SE	356.116	0.467619	-0.831846
SE	356.525	0.468491	-0.833734
SE	356.935	0.469397	-0.835679
SE	357.347	0.470316	-0.837696
SE	357.76	0.471223	-0.839792
SE	358.176	0.4721	-0.841986
SE	358.593	0.472915	-0.844275
SE	359.011	0.473654	-0.846675
SE	359.431	0.474296	-0.849202
SE	359.852	0.474823	-0.851862
SE	360.275	0.475262	-0.854686
SE	360.701	0.475755	-0.85771
SE	361.128	0.476287	-0.860893
SE	361.557	0.476832	-0.864194
SE	361.986	0.477357	-0.867561
SE	362.419	0.47784	-0.870988
SE	362.852	0.478243	-0.874414
SE	363.287	0.47854	-0.877827
SE	363.724	0.478694	-0.881203
SE	364.162	0.478655	-0.88452
SE	364.603	0.478405	-0.887771
SE	365.046	0.477905	-0.890936
SE	365.489	0.477184	-0.894142
SE	365.935	0.476291	-0.897478
SE	366.383	0.475253	-0.900895
SE	366.832	0.474094	-0.904343
SE	367.283	0.472831	-0.907789
SE	367.736	0.47148	-0.911193
SE	368.192	0.470047	-0.914522
SE	368.648	0.468547	-0.917719
SE	369.107	0.466973	-0.920768
SE	369.568	0.465314	-0.923616
SE	370.031	0.463577	-0.926235
SE	370.496	0.461655	-0.928712
SE	370.962	0.459508	-0.931119
SE	371.43	0.45717	-0.933462
SE	371.9	0.454675	-0.935741
SE	372.372	0.452062	-0.937955
SE	372.846	0.449368	-0.940097
SE	373.323	0.446625	-0.942165
SE	373.801	0.443882	-0.94414
SE	374.281	0.441173	-0.946015
SE	374.763	0.438536	-0.947775
SE	375.248	0.435974	-0.949409
SE	375.734	0.433336	-0.95091
SE	376.222	0.430602	-0.952297
SE	376.712	0.427789	-0.953583
SE	377.206	0.424904	-0.954786
SE	377.7	0.42199	-0.955908
SE	378.197	0.419054	-0.956968
SE	378.697	0.416126	-0.957974
SE	379.198	0.413237	-0.958937
SE	379.701	0.410415	-0.959865
SE	380.207	0.407677	-0.960764
SE	380.715	0.404952	-0.961584
SE	381.225	0.402221	-0.96231
SE	381.737	0.399487	-0.962963
SE	382.252	0.39675	-0.963555
SE	382.768	0.394025	-0.964092
SE	383.287	0.391311	-0.964586
SE	383.808	0.388622	-0.965048
SE	384.332	0.385962	-0.965488
SE	384.859	0.383342	-0.965918
SE	385.387	0.380775	-0.966329
SE	385.918	0.378229	-0.966686
SE	386.451	0.375707	-0.966993
SE	386.986	0.373211	-0.967256
SE	387.525	0.37075	-0.967487
SE	388.066	0.368314	-0.967688
SE	388.609	0.365907	-0.967864
SE	389.153	0.363537	-0.968023
SE	389.701	0.361193	-0.968173
SE	390.252	0.358883	-0.968319
SE	390.805	0.356615	-0.968434
SE	391.36	0.354387	-0.968515
SE	391.917	0.352196	-0.968567
SE	392.479	0.350031	-0.968594
SE	393.041	0.347907	-0.968602
SE	393.607	0.345809	-0.968596
SE	394.176	0.343733	-0.968582
SE	394.747	0.341687	-0.968566
SE	395.322	0.339669	-0.968549
SE	395.898	0.337696	-0.968513
SE	396.477	0.335765	-0.968461
SE	397.059	0.333871	-0.968392
SE	397.644	0.332011	-0.968312
SE	398.231	0.330184	-0.968224
SE	398.821	0.328382	-0.96813
SE	399.415	0.326599	-0.968035
SE	400.01	0.32484	-0.967942
SE	400.609	0.323131	-0.967843
SE	401.212	0.321457	-0.967737
SE	401.816	0.319823	-0.967624
SE	402.423	0.318219	-0.967507
SE	403.034	0.31664	-0.967387
SE	403.648	0.31508	-0.967264
SE	404.265	0.313536	-0.967141
SE	404.884	0.312005	-0.967019
SE	405.507	0.310488	-0.966898
SE	406.132	0.309001	-0.966777
SE	406.761	0.307538	-0.966654
SE	407.393	0.306114	-0.96654
SE	408.028	0.304709	-0.966425
SE	408.666	0.303319	-0.966309
SE	409.308	0.301937	-0.966193
SE	409.952	0.300565	-0.966077
SE	410.601	0.299201	-0.96596
SE	411.252	0.297856	-0.965844
SE	411.907	0.296527	-0.965727
SE	412.564	0.295215	-0.96561
SE	413.226	0.293911	-0.965491
SE	413.89	0.292619	-0.965372
SE	414.558	0.291306	-0.96525
SE	415.23	0.289997	-0.965127
SE	415.904	0.288701	-0.965002
SE	416.582	0.287417	-0.964876
SE	417.265	0.286141	-0.964749
SE	417.951	0.284877	-0.964621
SE	418.639	0.283623	-0.96449
SE	419.332	0.282372	-0.964357
SE	420.029	0.281125	-0.964222
SE	420.729	0.279886	-0.964085
SE	421.431	0.27865	-0.96396
SE	422.139	0.277419	-0.963832
SE	422.85	0.276197	-0.963703
SE	423.565	0.274982	-0.963571
SE	424.284	0.273772	-0.963437
SE	425.008	0.272566	-0.9633
SE	425.734	0.271367	-0.96316
SE	426.465	0.270175	-0.963017
SE	427.199	0.268992	-0.962872
SE	427.937	0.267815	-0.962724
SE	428.679	0.266646	-0.962574
SE	429.426	0.265514	-0.962439
SE	430.176	0.264389	-0.962301
SE	430.93	0.263271	-0.96216
SE	431.69	0.262159	-0.962016
SE	432.454	0.261052	-0.961869
SE	433.221	0.259954	-0.96172
SE	433.992	0.258861	-0.961568
SE	434.768	0.257773	-0.961412
SE	435.547	0.25669	-0.961254
SE	436.333	0.255611	-0.961092
SE	437.121	0.254502	-0.960896
SE	437.915	0.253397	-0.960696
SE	438.713	0.252299	-0.960493
SE	439.517	0.251203	-0.960286
SE	440.324	0.250112	-0.960076
SE	441.135	0.249029	-0.959863
SE	441.952	0.24795	-0.959646
SE	442.773	0.246877	-0.959425
SE	443.599	0.245809	-0.959202
SE	444.43	0.244748	-0.958974
SE	445.266	0.243707	-0.958744
SE	446.106	0.242672	-0.958511
SE	446.952	0.241642	-0.958274
SE	447.802	0.240619	-0.958032
SE	448.657	0.239601	-0.957787
SE	449.517	0.238587	-0.957538
SE	450.382	0.237578	-0.957285
SE	451.254	0.236573	-0.957028
SE	452.129	0.235575	-0.956768
SE	453.012	0.234579	-0.956503
SE	453.898	0.233596	-0.956236
SE	454.789	0.232617	-0.955967
SE	455.686	0.231642	-0.955692
SE	456.588	0.230673	-0.955415
SE	457.498	0.229709	-0.955132
SE	458.412	0.22875	-0.954847
SE	459.331	0.227797	-0.954558
SE	460.255	0.22685	-0.954265
SE	461.187	0.225905	-0.953968
SE	462.123	0.224955	-0.953661
SE	463.066	0.22401	-0.95335
SE	464.015	0.22307	-0.953034
SE	464.969	0.222134	-0.952715
SE	465.93	0.221202	-0.952392
SE	466.896	0.220277	-0.952065
SE	467.868	0.219357	-0.951735
SE	468.846	0.218443	-0.951402
SE	469.832	0.217531	-0.951063
SE	470.823	0.216625	-0.950721
SE	471.821	0.215748	-0.950401
SE	472.824	0.214878	-0.950078
SE	473.835	0.214011	-0.949751
SE	474.853	0.213149	-0.949421
SE	475.877	0.212292	-0.949087
SE	476.906	0.211441	-0.94875
SE	477.944	0.210594	-0.948409
SE	478.988	0.209753	-0.948066
SE	480.038	0.208918	-0.947718
SE	481.097	0.20806	-0.947344
SE	482.161	0.20721	-0.946967
SE	483.234	0.206364	-0.946585
SE	484.313	0.205522	-0.946201
SE	485.398	0.204685	-0.945813
SE	486.493	0.203849	-0.94542
SE	487.595	0.203018	-0.945022
SE	488.703	0.202193	-0.944622
SE	489.82	0.201371	-0.944218
SE	490.943	0.200583	-0.943825
SE	492.075	0.199799	-0.943429
SE	493.214	0.199021	-0.943031
SE	494.362	0.198247	-0.94263
SE	495.516	0.197478	-0.942226
SE	496.681	0.196714	-0.941819
SE	497.852	0.195955	-0.94141
SE	499.032	0.1952	-0.940998
SE	500.218	0.194451	-0.940582
SE	501.415	0.19369	-0.940148
SE	502.62	0.192935	-0.939712
SE	503.835	0.192182	-0.939271
SE	505.056	0.191436	-0.938828
SE	506.287	0.190693	-0.938382
SE	507.526	0.189956	-0.937934
SE	508.775	0.189223	-0.937482
SE	510.034	0.188493	-0.937027
SE	511.301	0.187769	-0.936569
SE	512.577	0.187031	-0.936103
SE	513.863	0.186295	-0.935633
SE	515.157	0.185563	-0.935159
SE	516.461	0.184832	-0.934679
SE	517.777	0.184103	-0.934196
SE	519.101	0.183379	-0.933708
SE	520.434	0.18266	-0.933219
SE	521.777	0.181946	-0.932728
SE	523.132	0.181255	-0.93225
SE	524.496	0.180567	-0.93177
SE	525.871	0.179882	-0.931286
SE	527.257	0.179201	-0.9308
SE	528.651	0.178524	-0.930311
SE	530.058	0.17785	-0.929817
SE	531.474	0.177179	-0.929321
SE	532.903	0.176512	-0.928822
SE	534.341	0.175843	-0.928324
SE	535.792	0.175175	-0.927822
SE	537.253	0.17451	-0.927317
SE	538.725	0.173849	-0.926809
SE	540.209	0.173192	-0.926298
SE	541.707	0.172541	-0.925786
SE	543.214	0.171896	-0.925272
SE	544.735	0.171252	-0.924754
SE	546.268	0.170636	-0.924263
SE	547.811	0.170022	-0.923769
SE	549.368	0.169411	-0.923271
SE	550.939	0.168803	-0.922771
SE	552.518	0.168202	-0.922271
SE	554.114	0.167602	-0.921767
SE	555.723	0.167005	-0.921259
SE	557.342	0.166413	-0.920749
SE	558.976	0.165823	-0.920236
SE	560.626	0.165241	-0.919718
SE	562.287	0.164661	-0.919197
SE	563.96	0.164085	-0.918674
SE	565.65	0.163513	-0.918148
SE	567.354	0.162947	-0.917622
SE	569.07	0.162385	-0.917095
SE	570.803	0.161823	-0.916562
SE	572.548	0.161273	-0.915996
SE	574.31	0.160726	-0.915426
SE	576.085	0.160184	-0.914856
SE	577.877	0.159646	-0.914284
SE	579.682	0.159112	-0.91371
SE	581.504	0.15858	-0.913132
SE	583.342	0.158051	-0.912552
SE	585.195	0.157523	-0.911968
SE	587.065	0.156985	-0.911368
SE	588.95	0.156449	-0.910765
SE	590.852	0.15592	-0.910163
SE	592.771	0.155398	-0.909564
SE	594.71	0.154878	-0.908961
SE	596.661	0.154357	-0.90835
SE	598.63	0.153836	-0.907732
SE	600.619	0.153316	-0.90711
SE	602.622	0.152741	-0.906485
SE	604.646	0.152169	-0.905857
SE	606.686	0.151603	-0.905231
SE	608.746	0.151042	-0.904603
SE	610.824	0.150481	-0.903967
SE	612.921	0.149921	-0.903324
SE	615.036	0.149361	-0.902674
SE	617.171	0.148777	-0.901985
SE	619.326	0.148194	-0.90129
SE	621.499	0.147616	-0.900593
SE	623.691	0.147043	-0.899894
SE	625.905	0.14647	-0.899187
SE	628.139	0.1459	-0.898473
SE	630.394	0.14533	-0.897749
SE	632.669	0.144759	-0.897015
SE	634.966	0.144246	-0.896326
SE	637.284	0.143741	-0.895641
SE	639.621	0.143241	-0.894955
SE	641.984	0.142739	-0.894257
SE	644.366	0.142238	-0.893554
SE	646.769	0.141742	-0.89285
SE	649.199	0.141247	-0.892139
SE	651.651	0.140693	-0.891326
SE	654.124	0.140142	-0.890508
SE	656.62	0.139592	-0.889682
SE	659.142	0.139042	-0.888846
SE	661.686	0.138494	-0.888002
SE	664.257	0.137947	-0.887147
SE	666.849	0.137402	-0.886286
SE	669.467	0.136879	-0.885422
SE	672.112	0.136356	-0.884549
SE	674.778	0.135837	-0.883672
SE	677.471	0.135326	-0.882799
SE	680.19	0.134817	-0.881919
SE	682.937	0.134305	-0.881021
SE	685.708	0.133794	-0.880114
SE	688.508	0.133291	-0.879207
SE	691.333	0.132791	-0.878295
SE	694.187	0.132294	-0.877378
SE	697.066	0.131796	-0.876446
SE	699.97	0.131299	-0.875504
SE	702.907	0.130805	-0.874557
SE	705.874	0.130316	-0.87361
SE	708.864	0.129863	-0.872741
SE	711.888	0.129408	-0.871858
SE	714.937	0.128955	-0.870969
SE	718.015	0.128509	-0.870083
SE	721.125	0.128065	-0.86919
SE	724.264	0.12762	-0.868286
SE	727.435	0.127178	-0.867375
SE	730.634	0.126816	-0.866626
SE	733.865	0.126462	-0.865888
SE	737.125	0.12611	-0.865144
SE	740.419	0.125759	-0.864396
SE	743.741	0.125409	-0.863644
SE	747.101	0.125068	-0.862904
SE	750.484	0.124731	-0.862162
SE	753.906	0.124324	-0.861248
SE	757.36	0.123926	-0.860345
SE	760.847	0.123534	-0.859445
SE	764.364	0.123145	-0.858542
SE	767.914	0.122749	-0.857613
SE	771.496	0.122359	-0.856687
SE	775.119	0.121978	-0.855774
SE	778.767	0.1216	-0.854862
SE	782.451	0.121219	-0.853926
SE	786.175	0.12084	-0.852987
SE	789.927	0.120473	-0.85207
SE	793.712	0.1201	-0.851126
SE	797.54	0.119729	-0.850177
SE	801.393	0.119368	-0.849247
