SE ALPHA BETA
AOI	 71.5921
A	 -24.9788
SE 239.935	-0.642861	-0.682393
SE 240.628	-0.665581	-0.667417
SE 241.32	-0.691168	-0.638267
SE 242.013	-0.722084	-0.614735
SE 242.705	-0.735618	-0.596442
SE 243.397	-0.734268	-0.584132
SE 244.089	-0.697944	-0.594614
SE 244.782	-0.619298	-0.619412
SE 245.474	-0.508252	-0.670479
SE 246.166	-0.364878	-0.725203
SE 246.857	-0.205616	-0.787259
SE 247.549	-0.050646	-0.846075
SE 248.241	0.0929818	-0.884264
SE 248.933	0.207265	-0.912697
SE 249.624	0.290711	-0.919724
SE 250.316	0.337949	-0.90582
SE 251.008	0.349927	-0.881402
SE 251.699	0.332065	-0.844364
SE 252.39	0.28539	-0.794044
SE 253.082	0.224395	-0.740199
SE 253.773	0.158114	-0.681224
SE 254.464	0.0819881	-0.611078
SE 255.155	0.00181736	-0.539564
SE 255.846	-0.0884586	-0.456098
SE 256.537	-0.182744	-0.37305
SE 257.228	-0.283706	-0.283227
SE 257.919	-0.389604	-0.193102
SE 258.61	-0.497929	-0.100102
SE 259.301	-0.604908	-0.0121956
SE 259.991	-0.704891	0.0617262
SE 260.682	-0.789197	0.118972
SE 261.373	-0.853347	0.148741
SE 262.063	-0.897156	0.16188
SE 262.753	-0.913873	0.144441
SE 263.444	-0.904188	0.104517
SE 264.134	-0.872573	0.0517494
SE 264.824	-0.827503	-0.0169962
SE 265.515	-0.76852	-0.0960115
SE 266.205	-0.699564	-0.178088
SE 266.895	-0.631197	-0.248489
SE 267.585	-0.563109	-0.325561
SE 268.275	-0.490949	-0.404301
SE 268.964	-0.420415	-0.471203
SE 269.654	-0.363057	-0.524547
SE 270.344	-0.309557	-0.581731
SE 271.034	-0.253149	-0.632964
SE 271.723	-0.208176	-0.678547
SE 272.413	-0.170932	-0.715798
SE 273.102	-0.133879	-0.754272
SE 273.792	-0.103853	-0.785546
SE 274.481	-0.081296	-0.807703
SE 275.17	-0.059814	-0.827329
SE 275.86	-0.0464355	-0.847684
SE 276.549	-0.0295982	-0.86555
SE 277.238	-0.0188978	-0.874456
SE 277.927	-0.0105637	-0.883065
SE 278.616	0.00443122	-0.890683
SE 279.305	0.0147157	-0.900113
SE 279.994	0.0275798	-0.900773
SE 280.682	0.0446474	-0.9092
SE 281.371	0.061031	-0.913613
SE 282.06	0.074557	-0.916801
SE 282.748	0.090728	-0.915909
SE 283.437	0.103887	-0.923837
SE 284.125	0.122775	-0.918995
SE 284.814	0.140194	-0.922629
SE 285.502	0.155144	-0.922214
SE 286.19	0.174017	-0.91757
SE 286.879	0.193872	-0.916362
SE 287.567	0.21647	-0.911814
SE 288.255	0.244232	-0.900513
SE 288.943	0.286609	-0.888048
SE 289.631	0.331858	-0.869809
SE 290.319	0.387203	-0.848888
SE 291.007	0.448705	-0.822342
SE 291.695	0.514828	-0.791303
SE 292.382	0.587193	-0.755484
SE 293.07	0.652577	-0.714283
SE 293.758	0.711623	-0.669786
SE 294.445	0.756693	-0.623216
SE 295.133	0.783956	-0.581863
SE 295.82	0.793349	-0.5447
SE 296.507	0.782899	-0.515179
SE 297.195	0.755477	-0.490118
SE 297.882	0.720473	-0.472562
SE 298.569	0.681171	-0.455322
SE 299.256	0.640598	-0.441146
SE 299.943	0.597422	-0.425951
SE 300.63	0.560863	-0.412921
SE 301.317	0.524735	-0.395808
SE 302.004	0.489131	-0.376287
SE 302.691	0.457316	-0.35431
SE 303.378	0.425147	-0.332915
SE 304.065	0.39465	-0.306788
SE 304.751	0.364701	-0.277937
SE 305.438	0.336751	-0.247512
SE 306.124	0.30818	-0.216507
SE 306.811	0.279358	-0.179492
SE 307.497	0.252503	-0.142429
SE 308.184	0.221845	-0.10207
SE 308.87	0.194123	-0.0585737
SE 309.556	0.163494	-0.0154114
SE 310.242	0.134042	0.0292541
SE 310.929	0.107559	0.0768843
SE 311.615	0.0830524	0.125044
SE 312.301	0.057201	0.17366
SE 312.987	0.0359162	0.22935
SE 313.672	0.014693	0.290297
SE 314.358	-0.00773464	0.351814
SE 315.044	-0.0269794	0.415813
SE 315.73	-0.050487	0.483368
SE 316.415	-0.0695501	0.54654
SE 317.101	-0.0924081	0.612208
SE 317.786	-0.114455	0.674593
SE 318.472	-0.134844	0.731756
SE 319.157	-0.156382	0.783107
SE 319.843	-0.173381	0.830866
SE 320.528	-0.18854	0.869316
SE 321.213	-0.199331	0.898902
SE 321.898	-0.207378	0.923166
SE 322.584	-0.214278	0.936039
SE 323.269	-0.216025	0.945093
SE 323.954	-0.215785	0.941764
SE 324.639	-0.205998	0.931234
SE 325.323	-0.199801	0.915062
SE 326.008	-0.187363	0.889896
SE 334.222	0.0618214	0.387386
SE 334.906	0.0852416	0.34288
SE 335.59	0.10801	0.303718
SE 336.274	0.131829	0.26367
SE 336.958	0.151739	0.225061
SE 337.642	0.174084	0.18995
SE 338.325	0.194491	0.153212
SE 339.009	0.215187	0.121728
SE 339.693	0.23543	0.09048
SE 340.376	0.254345	0.0590902
SE 341.06	0.273692	0.0345386
SE 341.744	0.290743	0.00962694
SE 342.427	0.311404	-0.0143707
SE 343.11	0.327641	-0.0378226
SE 343.794	0.346953	-0.0549839
SE 344.477	0.363053	-0.0737383
SE 345.16	0.379957	-0.0908533
SE 345.843	0.397122	-0.105801
SE 346.527	0.413698	-0.119657
SE 347.21	0.431623	-0.131161
SE 347.893	0.448207	-0.142816
SE 348.576	0.466267	-0.150952
SE 349.259	0.482438	-0.158724
SE 349.941	0.499974	-0.164159
SE 350.624	0.51652	-0.16993
SE 351.307	0.535575	-0.172693
SE 351.99	0.553456	-0.177013
SE 352.672	0.572128	-0.175793
SE 353.355	0.588895	-0.175738
SE 354.037	0.609218	-0.174172
SE 354.72	0.627878	-0.169498
SE 355.402	0.648787	-0.165435
SE 356.084	0.667787	-0.15684
SE 356.767	0.688481	-0.14885
SE 357.449	0.708859	-0.139589
SE 358.131	0.731327	-0.126984
SE 358.813	0.753668	-0.115507
SE 359.495	0.773399	-0.101238
SE 360.177	0.798227	-0.0863967
SE 360.859	0.820612	-0.0717308
SE 361.541	0.841469	-0.0544432
SE 362.223	0.865633	-0.0376219
SE 362.905	0.884888	-0.0223503
SE 363.587	0.904687	-0.00526649
SE 364.268	0.924457	0.00921788
SE 364.95	0.94201	0.0226148
SE 365.632	0.957107	0.0337377
SE 366.313	0.968536	0.0418476
SE 366.995	0.97702	0.0487892
SE 367.676	0.98307	0.0517024
SE 368.357	0.985643	0.0519637
SE 369.039	0.984348	0.0469648
SE 369.72	0.979727	0.0401203
SE 370.401	0.972564	0.0292967
SE 371.082	0.962324	0.0191685
SE 371.763	0.949324	0.00465246
SE 372.444	0.935138	-0.0106159
SE 373.125	0.918041	-0.0278681
SE 373.806	0.90146	-0.045202
SE 374.487	0.881724	-0.0621336
SE 375.168	0.863158	-0.0813092
SE 375.849	0.843163	-0.0987412
SE 376.53	0.8254	-0.114703
SE 377.21	0.805644	-0.131366
SE 377.891	0.786792	-0.145813
SE 378.571	0.76678	-0.159444
SE 379.252	0.747455	-0.172045
SE 379.932	0.729574	-0.183424
SE 380.613	0.711753	-0.194437
SE 381.293	0.694178	-0.203631
SE 381.973	0.677844	-0.213154
SE 382.654	0.661373	-0.220032
SE 383.334	0.645373	-0.225079
SE 384.014	0.63107	-0.22973
SE 384.694	0.613845	-0.234549
SE 385.374	0.598514	-0.240186
SE 386.054	0.584	-0.241827
SE 386.734	0.569171	-0.243718
SE 387.414	0.553637	-0.245423
SE 388.094	0.542846	-0.245961
SE 388.774	0.527681	-0.244957
SE 389.453	0.512772	-0.245277
SE 390.133	0.50001	-0.240556
SE 390.813	0.486271	-0.23967
SE 391.492	0.472806	-0.236191
SE 392.172	0.45953	-0.231763
SE 392.851	0.446754	-0.227082
SE 393.53	0.434029	-0.222875
SE 394.21	0.420701	-0.216511
SE 394.889	0.407705	-0.210125
SE 395.568	0.394715	-0.204366
SE 396.248	0.379724	-0.197099
SE 396.927	0.367269	-0.188998
SE 397.606	0.354943	-0.179984
SE 398.285	0.341139	-0.171694
SE 398.964	0.328474	-0.161325
SE 399.643	0.313665	-0.153442
SE 400.322	0.300754	-0.141936
SE 401.001	0.287618	-0.13154
SE 401.679	0.273682	-0.119368
SE 402.358	0.258514	-0.108027
SE 403.037	0.244865	-0.0965572
SE 403.715	0.230538	-0.0821589
SE 404.394	0.214798	-0.0704524
SE 405.073	0.201934	-0.055786
SE 405.751	0.187749	-0.0411097
SE 406.429	0.171723	-0.0277571
SE 407.108	0.157592	-0.0113774
SE 407.786	0.140562	0.00441382
SE 408.464	0.126689	0.0190639
SE 409.143	0.110947	0.0344424
SE 409.821	0.0952424	0.0515349
SE 410.499	0.0783863	0.0698749
SE 411.177	0.0627752	0.0856348
SE 411.855	0.0435876	0.106255
SE 412.533	0.0285631	0.124767
SE 413.211	0.0116356	0.141954
SE 413.889	-0.00377761	0.161666
SE 414.567	-0.023128	0.181329
SE 415.245	-0.0415233	0.201791
SE 415.922	-0.0581689	0.221659
SE 416.6	-0.0763882	0.239682
SE 417.278	-0.0947486	0.260755
SE 417.955	-0.112317	0.281684
SE 418.633	-0.129908	0.302467
SE 419.31	-0.148128	0.3241
SE 419.988	-0.16709	0.344752
SE 420.665	-0.185747	0.362124
SE 421.342	-0.203747	0.383368
SE 422.02	-0.2217	0.404558
SE 422.697	-0.240789	0.423531
SE 423.374	-0.259609	0.445691
SE 424.051	-0.276317	0.463429
SE 424.728	-0.294992	0.484377
SE 425.405	-0.312696	0.504734
SE 426.082	-0.330033	0.52472
SE 426.759	-0.348522	0.541448
SE 427.436	-0.363098	0.561654
SE 428.113	-0.381265	0.577535
SE 428.79	-0.39744	0.595239
SE 429.466	-0.410217	0.613955
SE 430.143	-0.428668	0.628248
SE 430.82	-0.444991	0.642238
SE 431.496	-0.455739	0.658486
SE 432.173	-0.470201	0.672545
SE 432.849	-0.481556	0.687587
SE 433.526	-0.495875	0.700369
SE 434.202	-0.50826	0.711274
SE 434.879	-0.518007	0.722705
SE 435.555	-0.531492	0.734084
SE 436.231	-0.538779	0.742575
SE 436.907	-0.548789	0.751453
SE 437.584	-0.555854	0.758174
SE 438.26	-0.563777	0.764644
SE 438.936	-0.570775	0.771539
SE 439.612	-0.57679	0.774194
SE 440.288	-0.58242	0.775882
SE 440.964	-0.58483	0.779048
SE 441.64	-0.589327	0.781194
SE 442.315	-0.593241	0.777968
SE 442.991	-0.593766	0.77876
SE 443.667	-0.594654	0.774114
SE 444.343	-0.593863	0.772782
SE 445.018	-0.594617	0.767552
SE 445.694	-0.591851	0.762135
SE 446.369	-0.590554	0.756083
SE 447.045	-0.589012	0.747826
SE 447.72	-0.583082	0.739674
SE 448.396	-0.579558	0.730351
SE 449.071	-0.570678	0.722814
SE 449.746	-0.561565	0.713777
SE 450.422	-0.563669	0.700301
SE 451.097	-0.562655	0.684275
SE 451.772	-0.548458	0.67378
SE 452.447	-0.539768	0.662464
SE 453.122	-0.53596	0.645325
SE 453.797	-0.525803	0.631262
SE 454.472	-0.514063	0.618037
SE 455.147	-0.504479	0.602016
SE 455.822	-0.493629	0.58747
SE 456.497	-0.48313	0.570744
SE 457.172	-0.473116	0.553763
SE 457.846	-0.4614	0.537466
SE 458.521	-0.451623	0.521075
SE 459.196	-0.441531	0.503936
SE 459.871	-0.43046	0.486213
SE 460.545	-0.41617	0.46946
SE 461.22	-0.403679	0.454471
SE 461.895	-0.392351	0.43419
SE 462.569	-0.378146	0.419201
SE 463.243	-0.368968	0.401133
SE 463.918	-0.356839	0.383754
SE 464.592	-0.343893	0.367777
SE 465.266	-0.330922	0.350721
SE 465.941	-0.316147	0.334239
SE 466.615	-0.301076	0.317498
SE 467.289	-0.287115	0.301521
SE 467.962	-0.278646	0.283863
SE 468.637	-0.270507	0.266241
SE 469.311	-0.258405	0.248937
SE 469.984	-0.246068	0.23412
SE 470.659	-0.233801	0.217656
SE 471.333	-0.220637	0.203309
SE 472.007	-0.207432	0.185517
SE 472.68	-0.18699	0.174353
SE 473.354	-0.17676	0.157969
SE 474.027	-0.179997	0.140158
SE 474.701	-0.164735	0.126733
SE 475.375	-0.148731	0.113652
SE 476.048	-0.138195	0.0992606
SE 476.721	-0.124553	0.0857646
SE 477.395	-0.113545	0.073303
SE 478.069	-0.0998085	0.0596098
SE 478.742	-0.0887628	0.0471043
SE 479.415	-0.0773199	0.0351192
SE 480.089	-0.0656231	0.0222115
SE 480.762	-0.052723	0.0112649
SE 481.435	-0.0436565	-0.000850135
SE 482.108	-0.0359668	-0.0136171
SE 482.781	-0.0236211	-0.0260919
SE 483.454	-0.0153916	-0.0369455
SE 484.127	-0.00598752	-0.0477401
SE 484.8	0.00370645	-0.058423
SE 485.473	0.0145207	-0.0699461
SE 486.146	0.0256651	-0.0805609
SE 486.819	0.036307	-0.0891901
SE 487.491	0.0456065	-0.0980514
SE 488.164	0.0549918	-0.10748
SE 488.837	0.0642645	-0.118087
SE 489.509	0.0741219	-0.127027
SE 490.182	0.0834368	-0.134732
SE 490.854	0.0956197	-0.144038
SE 491.527	0.106573	-0.151058
SE 492.199	0.112422	-0.160414
SE 492.872	0.118612	-0.169484
SE 493.544	0.127375	-0.176843
SE 494.216	0.13706	-0.184646
SE 494.889	0.14493	-0.19219
SE 495.561	0.155359	-0.20033
SE 496.233	0.163396	-0.206988
SE 496.905	0.172342	-0.212378
SE 497.577	0.182531	-0.221045
SE 498.25	0.188881	-0.227123
SE 498.922	0.197143	-0.231926
SE 499.594	0.205647	-0.238507
SE 500.265	0.214859	-0.244272
SE 500.937	0.222426	-0.249843
SE 501.609	0.231071	-0.255223
SE 502.281	0.240014	-0.261326
SE 502.953	0.248095	-0.265455
SE 503.625	0.256362	-0.27189
SE 504.296	0.263407	-0.275835
SE 504.968	0.270344	-0.280368
SE 505.639	0.279523	-0.284473
SE 506.311	0.287716	-0.289649
SE 506.982	0.294274	-0.294346
SE 507.654	0.302211	-0.298282
SE 508.325	0.310674	-0.303262
SE 508.997	0.317323	-0.306814
SE 509.668	0.325768	-0.309067
SE 510.339	0.334563	-0.312335
SE 511.011	0.341793	-0.316311
SE 511.682	0.347852	-0.320532
SE 512.353	0.356981	-0.32204
SE 513.024	0.364135	-0.326784
SE 513.695	0.370218	-0.327939
SE 514.366	0.379869	-0.330924
SE 515.037	0.386045	-0.333186
SE 515.708	0.394681	-0.335771
SE 516.379	0.401464	-0.338321
SE 517.05	0.40924	-0.340207
SE 517.721	0.416811	-0.344158
SE 518.392	0.424819	-0.344862
SE 519.062	0.432531	-0.348375
SE 519.733	0.439829	-0.348854
SE 520.404	0.448112	-0.351087
SE 521.074	0.455466	-0.351807
SE 521.745	0.463272	-0.353431
SE 522.416	0.471957	-0.354665
SE 523.086	0.478711	-0.357284
SE 523.757	0.485399	-0.356717
SE 524.427	0.494098	-0.357242
SE 525.097	0.502304	-0.358529
SE 525.768	0.508597	-0.35904
SE 526.438	0.517734	-0.360794
SE 527.108	0.524012	-0.361195
SE 527.778	0.534023	-0.360707
SE 528.449	0.540227	-0.360917
SE 529.119	0.549939	-0.361053
SE 529.789	0.556814	-0.362285
SE 530.459	0.564115	-0.362958
SE 531.129	0.572277	-0.362901
SE 531.799	0.580101	-0.362422
SE 532.469	0.588033	-0.361354
SE 533.139	0.596177	-0.361078
SE 533.809	0.603884	-0.361683
SE 534.478	0.611834	-0.361623
SE 535.148	0.619486	-0.360604
SE 535.818	0.626721	-0.360945
SE 536.488	0.635725	-0.360287
SE 537.157	0.64277	-0.358982
SE 537.827	0.649996	-0.358249
SE 538.496	0.658088	-0.356829
SE 539.166	0.666989	-0.356672
SE 539.835	0.675322	-0.355942
SE 540.505	0.682899	-0.354196
SE 541.174	0.69085	-0.353267
SE 541.844	0.698725	-0.351303
SE 542.513	0.705887	-0.352063
SE 543.182	0.714225	-0.350556
SE 543.852	0.721744	-0.34892
SE 544.521	0.729872	-0.347341
SE 545.19	0.7374	-0.346969
SE 545.859	0.745051	-0.345603
SE 546.528	0.753158	-0.343177
SE 547.197	0.760932	-0.342643
SE 547.866	0.766922	-0.339905
SE 548.535	0.775165	-0.33978
SE 549.204	0.781516	-0.338205
SE 549.873	0.788674	-0.336485
SE 550.542	0.796401	-0.334463
SE 551.211	0.803141	-0.332202
SE 551.88	0.810207	-0.333296
SE 552.548	0.817577	-0.33039
SE 553.217	0.82405	-0.328498
SE 553.886	0.831245	-0.328079
SE 554.554	0.83719	-0.325877
SE 562.575	0.903193	-0.311284
SE 563.243	0.907819	-0.309652
SE 563.911	0.912696	-0.309123
SE 564.579	0.915943	-0.308323
SE 565.247	0.918462	-0.308272
SE 565.915	0.921883	-0.306215
SE 566.583	0.925466	-0.306978
SE 567.251	0.926761	-0.305176
SE 567.919	0.930184	-0.305611
SE 568.587	0.933102	-0.304835
SE 569.254	0.936773	-0.303621
SE 569.922	0.937504	-0.303963
SE 570.59	0.940473	-0.304161
SE 571.258	0.942013	-0.302711
SE 571.925	0.945363	-0.302218
SE 572.593	0.945092	-0.303015
SE 573.26	0.947217	-0.303219
SE 573.928	0.948815	-0.303833
SE 574.595	0.947123	-0.3032
SE 575.263	0.948662	-0.303524
SE 575.93	0.946976	-0.303183
SE 576.598	0.947969	-0.304849
SE 577.265	0.947441	-0.305303
SE 577.932	0.946856	-0.304346
SE 578.6	0.946432	-0.306701
SE 579.267	0.944339	-0.306608
SE 579.934	0.943769	-0.308029
SE 580.601	0.941742	-0.307885
SE 581.268	0.93998	-0.308318
SE 581.935	0.937514	-0.310805
SE 582.602	0.935842	-0.313031
SE 583.269	0.933926	-0.313032
SE 583.936	0.930502	-0.314396
SE 584.603	0.930328	-0.315119
SE 585.27	0.926417	-0.316078
SE 585.937	0.922607	-0.316578
SE 586.604	0.918469	-0.31835
SE 587.271	0.91525	-0.319281
SE 587.937	0.912109	-0.320723
SE 588.604	0.907992	-0.322107
SE 589.271	0.904412	-0.324317
SE 589.937	0.900773	-0.326121
SE 590.604	0.896239	-0.327535
SE 591.271	0.892212	-0.327508
SE 591.937	0.888569	-0.329417
SE 592.604	0.883187	-0.3295
SE 593.27	0.877945	-0.331998
SE 593.937	0.874578	-0.335613
SE 594.603	0.868919	-0.33613
SE 595.269	0.86246	-0.338906
SE 595.936	0.858748	-0.339678
SE 596.602	0.854092	-0.341271
SE 597.268	0.848672	-0.342575
SE 597.934	0.842506	-0.343871
SE 598.601	0.837425	-0.347395
SE 599.267	0.833246	-0.347671
SE 599.933	0.827435	-0.351973
SE 600.599	0.82046	-0.350162
SE 601.265	0.815354	-0.353366
SE 601.931	0.809722	-0.353598
SE 602.597	0.804015	-0.355686
SE 603.263	0.798813	-0.35711
SE 603.929	0.79205	-0.359276
SE 604.595	0.785298	-0.360244
SE 605.26	0.779987	-0.361365
SE 605.926	0.774904	-0.363652
SE 606.592	0.767795	-0.365952
SE 607.258	0.762252	-0.366483
SE 607.923	0.75708	-0.367088
SE 608.589	0.750114	-0.369301
SE 609.255	0.744347	-0.369286
SE 609.92	0.738044	-0.371787
SE 610.586	0.734113	-0.373635
SE 611.251	0.726142	-0.374786
SE 611.917	0.720092	-0.375597
SE 612.582	0.71468	-0.375373
SE 613.248	0.707838	-0.378435
SE 613.913	0.702831	-0.379851
SE 614.578	0.696698	-0.379287
SE 615.244	0.6899	-0.382719
SE 615.909	0.682967	-0.381848
SE 616.574	0.677981	-0.382968
SE 617.239	0.672738	-0.38366
SE 617.905	0.666037	-0.385861
SE 618.57	0.660604	-0.387103
SE 619.235	0.654183	-0.387688
SE 619.9	0.647786	-0.390239
SE 620.565	0.642368	-0.38941
SE 621.23	0.637881	-0.388854
SE 621.895	0.631468	-0.389875
SE 622.56	0.625788	-0.391253
SE 623.225	0.619228	-0.392287
SE 623.89	0.61251	-0.392557
SE 624.555	0.607575	-0.39414
SE 625.219	0.600842	-0.394585
SE 625.884	0.595875	-0.395571
SE 626.549	0.589991	-0.395525
SE 627.214	0.583239	-0.395272
SE 627.878	0.578238	-0.395817
SE 628.543	0.572976	-0.39584
SE 629.207	0.568041	-0.395439
SE 629.872	0.561385	-0.396231
SE 630.537	0.556842	-0.396785
SE 631.201	0.550614	-0.397395
SE 631.866	0.544605	-0.398126
SE 632.53	0.538817	-0.397743
SE 633.194	0.53389	-0.398116
SE 633.859	0.528129	-0.399164
SE 634.523	0.52284	-0.397653
SE 635.187	0.516534	-0.397781
SE 635.852	0.512065	-0.398283
SE 636.516	0.505789	-0.39904
SE 637.18	0.501144	-0.398085
SE 637.844	0.495674	-0.398248
SE 638.508	0.488844	-0.398034
SE 639.173	0.485324	-0.397857
SE 639.837	0.480306	-0.398242
SE 640.501	0.474118	-0.396729
SE 641.165	0.468193	-0.395193
SE 641.829	0.462979	-0.397102
SE 642.493	0.458338	-0.397031
SE 643.157	0.452928	-0.396869
SE 643.82	0.448291	-0.395538
SE 644.484	0.44287	-0.393858
SE 645.148	0.43797	-0.393984
SE 645.812	0.434139	-0.393735
SE 646.476	0.427092	-0.392387
SE 647.139	0.421398	-0.392858
SE 647.803	0.417095	-0.391872
SE 648.467	0.411487	-0.390927
SE 649.13	0.405396	-0.390649
SE 649.794	0.402167	-0.388851
SE 650.457	0.397892	-0.388238
SE 651.121	0.391578	-0.386888
SE 651.785	0.3869	-0.385856
SE 652.448	0.381333	-0.385853
SE 653.111	0.37572	-0.384343
SE 653.775	0.371341	-0.384111
SE 654.438	0.365239	-0.38252
SE 655.102	0.359334	-0.381395
SE 655.765	0.357021	-0.3798
SE 656.428	0.350875	-0.377509
SE 657.091	0.346902	-0.37748
SE 657.755	0.342271	-0.376956
SE 658.418	0.337159	-0.374381
SE 659.081	0.33226	-0.376897
SE 659.744	0.327848	-0.372632
SE 660.407	0.32232	-0.374118
SE 661.07	0.317169	-0.370297
SE 661.733	0.31262	-0.369364
SE 662.396	0.305994	-0.367124
SE 663.059	0.301035	-0.365494
SE 663.722	0.2963	-0.364302
SE 664.385	0.29403	-0.363879
SE 665.048	0.287659	-0.362139
SE 665.711	0.282183	-0.360133
SE 666.374	0.278831	-0.359972
SE 667.036	0.272083	-0.35714
SE 667.699	0.267646	-0.355455
SE 668.362	0.263007	-0.353031
SE 669.025	0.258425	-0.351962
SE 669.687	0.253344	-0.349819
SE 670.35	0.248181	-0.349656
SE 671.012	0.243542	-0.346314
SE 671.675	0.23786	-0.344218
SE 672.338	0.233948	-0.343301
SE 673	0.228377	-0.339598
SE 673.663	0.225019	-0.338137
SE 674.325	0.21947	-0.338799
SE 674.988	0.214072	-0.33528
SE 675.65	0.208917	-0.334433
SE 676.312	0.205397	-0.33181
SE 676.975	0.201483	-0.328983
SE 677.637	0.197703	-0.326392
SE 678.299	0.190802	-0.323254
SE 678.961	0.185116	-0.321904
SE 679.624	0.180362	-0.321412
SE 680.286	0.174665	-0.31784
SE 680.948	0.171912	-0.313833
SE 681.61	0.166511	-0.311911
SE 682.272	0.160267	-0.309926
SE 682.934	0.155586	-0.307564
SE 683.596	0.152818	-0.305243
SE 684.258	0.147995	-0.302791
SE 684.92	0.14335	-0.302368
SE 685.582	0.138808	-0.297818
SE 686.244	0.132907	-0.294328
SE 686.906	0.126591	-0.293332
SE 687.568	0.121196	-0.289905
SE 688.23	0.117006	-0.28971
SE 688.892	0.11161	-0.285897
SE 689.553	0.107942	-0.282998
SE 690.215	0.10341	-0.280884
SE 690.877	0.0980751	-0.279391
SE 691.539	0.0929697	-0.276366
SE 692.2	0.0879018	-0.273657
SE 692.862	0.0813501	-0.270501
SE 693.523	0.077102	-0.267772
SE 694.185	0.0737109	-0.265175
SE 694.847	0.0683096	-0.263074
SE 695.508	0.0630502	-0.261003
SE 696.17	0.0573192	-0.256726
SE 696.831	0.0519675	-0.253846
SE 697.492	0.0455366	-0.251126
SE 698.154	0.042629	-0.248108
SE 698.815	0.037217	-0.245968
SE 699.477	0.0318405	-0.243102
SE 700.138	0.0261886	-0.238235
SE 700.799	0.020976	-0.236582
SE 701.46	0.0158804	-0.232693
SE 702.122	0.012186	-0.232238
SE 702.783	0.00644382	-0.228554
SE 703.444	0.00156158	-0.225621
SE 704.105	-0.00459841	-0.223478
SE 704.766	-0.0086991	-0.220191
SE 705.428	-0.0123406	-0.218925
SE 706.089	-0.020486	-0.214886
SE 706.75	-0.0256605	-0.210469
SE 707.411	-0.0290095	-0.206821
SE 708.072	-0.0336771	-0.202061
SE 708.733	-0.0399354	-0.197291
SE 709.393	-0.0458964	-0.195637
SE 710.054	-0.052903	-0.193535
SE 710.715	-0.0573829	-0.189346
SE 711.376	-0.0588767	-0.18705
SE 712.037	-0.0656866	-0.183213
SE 712.698	-0.0710869	-0.17946
SE 713.358	-0.0763084	-0.175772
SE 714.019	-0.0823342	-0.173405
SE 714.68	-0.0854327	-0.170122
SE 715.341	-0.0920015	-0.165707
SE 716.001	-0.0972207	-0.160684
SE 716.662	-0.103766	-0.157679
SE 717.322	-0.107009	-0.155673
SE 717.983	-0.112387	-0.151109
SE 718.644	-0.117144	-0.149668
SE 719.304	-0.121633	-0.14549
SE 719.965	-0.127851	-0.13787
SE 720.625	-0.134358	-0.136529
SE 721.286	-0.140406	-0.134791
SE 721.946	-0.144385	-0.13029
SE 722.606	-0.150987	-0.128209
SE 723.267	-0.155587	-0.124453
SE 723.927	-0.162072	-0.120383
SE 724.587	-0.166131	-0.116034
SE 725.248	-0.171778	-0.111608
SE 725.908	-0.17944	-0.107472
SE 726.568	-0.185535	-0.102994
SE 727.228	-0.189632	-0.101758
SE 727.889	-0.193942	-0.0960328
SE 728.549	-0.199244	-0.0920539
SE 729.209	-0.202363	-0.0885744
SE 729.869	-0.208068	-0.0852913
SE 730.529	-0.214938	-0.0792324
SE 731.189	-0.221074	-0.0768769
SE 731.849	-0.225638	-0.0715279
SE 732.509	-0.231315	-0.0694269
SE 733.169	-0.236616	-0.0659506
SE 733.829	-0.241876	-0.0609349
SE 734.489	-0.246749	-0.058091
SE 735.149	-0.249279	-0.0550606
SE 735.809	-0.258079	-0.0525336
SE 736.468	-0.26326	-0.0491322
SE 737.128	-0.267374	-0.0441721
SE 737.788	-0.276233	-0.0383193
SE 738.448	-0.282357	-0.0332117
SE 739.108	-0.288018	-0.030762
SE 739.767	-0.293141	-0.0276093
SE 740.427	-0.297797	-0.0241451
SE 741.087	-0.302394	-0.0191849
SE 741.746	-0.309865	-0.0140768
SE 742.406	-0.312719	-0.00934765
SE 743.065	-0.317099	-0.00796985
SE 743.725	-0.323381	-0.00273968
SE 744.385	-0.329457	0.00217173
SE 745.044	-0.336653	0.00322296
SE 745.704	-0.343517	0.00862688
SE 746.363	-0.344211	0.0122512
SE 747.022	-0.351586	0.0192221
SE 747.682	-0.35617	0.0216488
SE 748.341	-0.364674	0.0244675
SE 749.001	-0.36994	0.03002
SE 749.66	-0.374839	0.0336999
SE 750.319	-0.379193	0.0367853
SE 750.978	-0.3871	0.0435234
SE 751.638	-0.391068	0.045194
SE 752.297	-0.394731	0.0478911
SE 752.956	-0.401219	0.0521859
SE 753.615	-0.405784	0.0552573
SE 754.275	-0.410304	0.0584281
SE 754.934	-0.418176	0.0619171
SE 755.593	-0.422443	0.0689223
SE 756.252	-0.428848	0.0723784
SE 756.911	-0.433375	0.0758092
SE 757.57	-0.43873	0.0804175
SE 758.229	-0.444048	0.0821929
SE 758.888	-0.448896	0.0879461
SE 759.547	-0.451951	0.0926467
SE 760.206	-0.460955	0.0953378
SE 760.865	-0.465559	0.0987649
SE 761.524	-0.47267	0.10268
SE 762.183	-0.477773	0.108753
SE 762.841	-0.487992	0.117313
SE 763.5	-0.498766	0.122198
SE 764.159	-0.505189	0.12588
SE 764.818	-0.498965	0.124925
SE 765.477	-0.492545	0.125651
SE 766.135	-0.496878	0.126026
SE 766.794	-0.503107	0.12965
SE 767.453	-0.509035	0.135824
SE 768.111	-0.516186	0.139517
SE 768.77	-0.527204	0.145033
SE 769.429	-0.531158	0.151585
SE 770.087	-0.538363	0.153604
SE 770.746	-0.542116	0.156216
SE 771.404	-0.54712	0.160939
SE 772.063	-0.552064	0.164256
SE 772.721	-0.557006	0.167745
SE 773.38	-0.560384	0.171259
SE 774.038	-0.568847	0.176863
SE 774.697	-0.573134	0.179901
SE 775.355	-0.577406	0.184849
SE 776.013	-0.582856	0.188782
SE 776.672	-0.58698	0.191675
SE 777.33	-0.593681	0.194659
SE 777.988	-0.598158	0.202086
SE 778.647	-0.602695	0.204436
SE 779.305	-0.607271	0.208171
SE 779.963	-0.615249	0.210987
