;Experimental Spectrum (Polarization=): Lot "fin_q122ncr" (297); Slot #9; Wafer "??" [9/21/11 12:26:10 PM]; MS Site #1; Die #4, ColRow[-2,-1]; Region Measurement Point #1; Point: (-56195, -62860) - absolute; (3572, 30) - from die left-bottom corner; Focus Z: 3983 counts; MetrologyRecipe: "PROD\055\055PMD-TBOX4";
0
0
0
0
0
0
0
0
0
0
0
0
0
0
5149
5477
5754
6073
6330
6653
6999
7337
7627
7830
7881
7877
7812
7716
7648
7535
7414
7321
7233
7168
7123
7136
7151
7221
7322
7480
7684
7876
8112
8390
8632
8926
9197
9473
9743
9977
10169
10360
10541
10750
10901
11042
11151
11243
11321
11371
11406
11418
11431
11406
11398
11371
11319
11253
11135
11083
11015
10915
10890
10851
10795
10705
10653
10587
10555
10477
10467
10423
10428
10432
10383
10407
10471
10487
10547
10604
10660
10733
10806
10893
11019
11061
11188
11263
11369
11453
11554
11617
11661
11783
11873
11945
12075
12132
12214
12302
12396
12443
12515
12579
12634
12707
12741
12787
12843
12849
12874
12914
12930
12942
12915
12927
12951
12962
12923
12913
12921
12921
12873
12880
12836
12808
12795
12788
12746
12714
12677
12602
12570
12552
12477
12391
12328
12290
12168
12114
12059
11987
11928
11854
11785
11715
11634
11573
11514
11427
11333
11262
11207
11203
11067
10996
10885
10849
10810
10645
10618
10535
10508
10443
10405
10305
10242
10174
10160
10070
9994
10016
9907
9870
9821
9834
9714
9696
9595
9626
9545
9551
9453
9462
9468
9421
9391
9364
0
0
0
0
0
0
0
0
0
0
0
0
0
0
0
0
0
0
0
0
0
0
0
0
0
0
0
0
0
0
0
0
0
0
0
0
0
0
0
0
0
0
0
0
0
0
0
0
0
0
0
0
0
0
0
0
0
0
301.5446839 3.297930197 -0.0001662079439 0 0
