;Experimental Spectrum (Polarization=): Lot "fin_q122ncr" (297); Slot #10; Wafer "??" [9/21/11 12:27:51 PM]; MS Site #1; Die #9, ColRow[4,-2]; Region Measurement Point #1; Point: (87761, -95454) - absolute; (3567, 59) - from die left-bottom corner; Focus Z: 2855 counts; MetrologyRecipe: "PROD\055\055PMD-TBOX4";
0
0
0
0
0
0
0
0
0
0
0
0
0
0
4232
4417
4606
4842
5123
5528
5936
6442
6902
7272
7576
7801
7942
8033
8112
8145
8129
8078
7995
7899
7783
7689
7592
7479
7411
7392
7410
7425
7496
7625
7741
7933
8107
8335
8567
8820
9039
9250
9489
9748
9950
10182
10433
10591
10747
10940
11085
11172
11283
11370
11417
11503
11504
11526
11538
11489
11483
11448
11420
11428
11334
11254
11227
11176
11065
11009
10961
10886
10847
10776
10720
10673
10639
10642
10615
10595
10581
10573
10600
10604
10642
10649
10718
10755
10778
10862
10927
10968
11034
11097
11184
11235
11339
11425
11500
11585
11680
11757
11827
11933
11990
12098
12149
12226
12291
12357
12400
12460
12493
12540
12595
12607
12670
12712
12716
12730
12770
12783
12793
12817
12830
12821
12835
12819
12859
12825
12836
12777
12768
12763
12728
12691
12621
12618
12549
12486
12451
12390
12373
12265
12243
12202
12142
12058
12023
11979
11842
11776
11757
11694
11654
11547
11476
11420
11360
11300
11185
11149
11068
10947
10869
10864
10794
10730
10648
10641
10505
10456
10359
10350
10261
10208
10146
10124
10017
10061
9944
9862
9895
9807
9727
9541
9730
9467
0
0
0
0
0
0
0
0
0
0
0
0
0
0
0
0
0
0
0
0
0
0
0
0
0
0
0
0
0
0
0
0
0
0
0
0
0
0
0
0
0
0
0
0
0
0
0
0
0
0
0
0
0
0
0
0
0
0
301.5446839 3.297930197 -0.0001662079439 0 0
