;Experimental Spectrum (Polarization=): Lot "fin_q122ncr" (297); Slot #9; Wafer "??" [9/21/11 12:26:10 PM]; MS Site #1; Die #7, ColRow[2,2]; Region Measurement Point #1; Point: (39947, 34327) - absolute; (3562, 53) - from die left-bottom corner; Focus Z: 4205 counts; MetrologyRecipe: "PROD\055\055PMD-TBOX4";
0
0
0
0
0
0
0
0
0
0
0
0
0
0
4824
5071
5387
5671
6008
6321
6754
7130
7455
7752
7873
7924
7885
7853
7778
7699
7614
7494
7384
7297
7204
7170
7139
7158
7222
7306
7455
7608
7795
8036
8272
8548
8803
9096
9367
9614
9824
10044
10268
10457
10646
10827
10975
11104
11207
11303
11398
11424
11439
11516
11517
11483
11447
11433
11404
11295
11265
11210
11190
11101
11053
10993
10923
10881
10854
10753
10712
10673
10642
10600
10550
10556
10571
10587
10620
10627
10672
10740
10809
10867
10958
11000
11123
11205
11247
11382
11448
11518
11575
11649
11755
11824
11944
12004
12117
12195
12299
12347
12455
12511
12575
12670
12718
12758
12811
12825
12863
12891
12926
12941
12937
12950
12976
12987
12960
13007
13003
12995
12989
12993
12977
12932
12922
12937
12873
12857
12835
12791
12764
12733
12654
12557
12546
12517
12374
12317
12263
12179
12139
12074
12030
11931
11862
11815
11766
11685
11581
11493
11475
11434
11291
11230
11104
11053
11000
10891
10814
10730
10737
10627
10591
10470
10459
10401
10401
10303
10215
10203
10110
10073
10041
9936
9945
9826
9822
9802
9665
9733
9580
9589
9615
9619
9557
9585
0
0
0
0
0
0
0
0
0
0
0
0
0
0
0
0
0
0
0
0
0
0
0
0
0
0
0
0
0
0
0
0
0
0
0
0
0
0
0
0
0
0
0
0
0
0
0
0
0
0
0
0
0
0
0
0
0
0
301.5446839 3.297930197 -0.0001662079439 0 0
