;Experimental Spectrum (Polarization=): Lot "q125pap-fin" (295); Slot #9; Wafer "??" [9/21/11 4:21:19 AM]; MS Site #1; Die #16, ColRow[2,4]; Region Measurement Point #1; Point: (39700, 98868) - absolute; (3554, 64) - from die left-bottom corner; Focus Z: 3390 counts; MetrologyRecipe: "PROD\055\055PMD-TBOX4";
0
0
0
0
0
0
0
0
0
0
0
0
0
0
4269
4405
4553
4810
5086
5473
5900
6405
6849
7251
7557
7794
7923
8023
8113
8128
8136
8091
8017
7914
7794
7700
7576
7502
7435
7399
7389
7405
7453
7549
7679
7854
8036
8256
8495
8747
8950
9160
9411
9655
9881
10086
10309
10513
10670
10883
11055
11154
11275
11342
11453
11467
11490
11567
11549
11539
11518
11577
11509
11477
11402
11341
11286
11251
11172
11089
11015
10971
10936
10844
10738
10707
10699
10640
10654
10587
10587
10596
10612
10625
10677
10671
10730
10762
10791
10843
10895
10944
11016
11072
11165
11215
11319
11399
11487
11554
11646
11715
11813
11885
11960
12032
12113
12178
12248
12308
12357
12410
12451
12504
12518
12576
12610
12649
12676
12700
12752
12742
12752
12761
12815
12778
12809
12820
12784
12785
12767
12767
12731
12748
12675
12634
12597
12577
12518
12462
12387
12353
12311
12259
12216
12183
12107
12044
11983
11956
11860
11772
11765
11707
11592
11542
11416
11402
11329
11283
11177
11089
11049
10975
10879
10855
10767
10712
10616
10612
10536
10470
10339
10390
10297
10228
10236
10087
10052
10010
9909
9930
9879
9834
9828
9700
9703
9689
0
0
0
0
0
0
0
0
0
0
0
0
0
0
0
0
0
0
0
0
0
0
0
0
0
0
0
0
0
0
0
0
0
0
0
0
0
0
0
0
0
0
0
0
0
0
0
0
0
0
0
0
0
0
0
0
0
0
301.5446839 3.297930197 -0.0001662079439 0 0
