;Experimental Spectrum (Polarization=): Lot "fin_q122ncr" (297); Slot #9; Wafer "??" [9/21/11 12:26:10 PM]; MS Site #1; Die #12, ColRow[-4,-2]; Region Measurement Point #1; Point: (-104268, -95251) - absolute; (3575, 27) - from die left-bottom corner; Focus Z: 3205 counts; MetrologyRecipe: "PROD\055\055PMD-TBOX4";
0
0
0
0
0
0
0
0
0
0
0
0
0
0
4624
4682
4907
5162
5492
5874
6364
6897
7380
7789
8106
8309
8458
8549
8651
8691
8670
8613
8530
8421
8299
8179
8038
7926
7833
7786
7772
7768
7816
7917
8019
8186
8351
8551
8795
9021
9221
9439
9668
9932
10167
10379
10598
10769
10931
11094
11243
11357
11443
11552
11619
11689
11696
11702
11701
11694
11656
11636
11591
11536
11521
11428
11344
11279
11233
11137
11065
10995
10930
10877
10799
10742
10713
10692
10659
10640
10634
10622
10632
10628
10656
10642
10711
10739
10777
10830
10878
10943
10967
11028
11121
11181
11289
11364
11448
11515
11622
11671
11772
11857
11926
12028
12084
12139
12227
12263
12310
12385
12441
12489
12500
12551
12602
12649
12627
12657
12689
12713
12719
12733
12732
12750
12749
12782
12752
12775
12724
12708
12689
12684
12637
12580
12557
12538
12473
12420
12366
12327
12296
12227
12157
12122
12038
11980
11926
11863
11777
11713
11677
11681
11535
11470
11391
11341
11274
11162
11129
11006
10976
10872
10852
10764
10666
10604
10583
10475
10417
10347
10268
10198
10156
10093
10014
10027
9901
9937
9732
9716
9692
9621
9609
9571
9547
9514
0
0
0
0
0
0
0
0
0
0
0
0
0
0
0
0
0
0
0
0
0
0
0
0
0
0
0
0
0
0
0
0
0
0
0
0
0
0
0
0
0
0
0
0
0
0
0
0
0
0
0
0
0
0
0
0
0
0
301.5446839 3.297930197 -0.0001662079439 0 0
