;Experimental Spectrum (Polarization=): Lot "fin_q122ncr" (297); Slot #9; Wafer "??" [9/21/11 12:26:10 PM]; MS Site #1; Die #6, ColRow[-1,3]; Region Measurement Point #1; Point: (-32162, 66717) - absolute; (3567, 55) - from die left-bottom corner; Focus Z: 4138 counts; MetrologyRecipe: "PROD\055\055PMD-TBOX4";
0
0
0
0
0
0
0
0
0
0
0
0
0
0
4819
5063
5352
5654
5994
6334
6743
7153
7499
7751
7882
7961
7944
7908
7850
7779
7665
7573
7452
7364
7259
7210
7165
7173
7211
7320
7433
7577
7752
7989
8209
8482
8740
9019
9291
9528
9743
9934
10161
10367
10550
10719
10909
11020
11114
11201
11304
11356
11411
11438
11440
11435
11424
11365
11325
11244
11185
11116
11119
11033
10992
10904
10823
10787
10732
10660
10638
10575
10526
10518
10467
10471
10479
10505
10512
10556
10587
10664
10702
10776
10847
10902
10996
11081
11173
11256
11310
11404
11449
11534
11638
11707
11822
11899
11985
12075
12172
12222
12321
12380
12463
12511
12582
12632
12689
12694
12749
12774
12803
12799
12819
12838
12854
12871
12837
12891
12880
12893
12860
12866
12840
12845
12793
12828
12758
12769
12705
12670
12638
12616
12543
12460
12412
12381
12270
12222
12144
12058
12054
11977
11915
11863
11780
11696
11662
11588
11473
11375
11367
11334
11197
11144
11042
10982
10919
10811
10726
10705
10667
10554
10476
10450
10333
10292
10268
10135
10148
10089
9996
9997
9909
9858
9861
9781
9667
9719
9638
9582
9617
9549
9584
9560
9457
9433
0
0
0
0
0
0
0
0
0
0
0
0
0
0
0
0
0
0
0
0
0
0
0
0
0
0
0
0
0
0
0
0
0
0
0
0
0
0
0
0
0
0
0
0
0
0
0
0
0
0
0
0
0
0
0
0
0
0
301.5446839 3.297930197 -0.0001662079439 0 0
