;Experimental Spectrum (Polarization=): Lot "fin_q128mib" (298); Slot #10; Wafer "??" [9/21/11 1:07:27 PM]; MS Site #1; Die #12, ColRow[-4,-2]; Region Measurement Point #1; Point: (-104301, -95185) - absolute; (3571, 26) - from die left-bottom corner; Focus Z: 3223 counts; MetrologyRecipe: "PROD\055\055PMD-TBOX4";
0
0
0
0
0
0
0
0
0
0
0
0
0
0
4556
4708
4911
5180
5480
5888
6406
6941
7393
7815
8098
8292
8426
8545
8611
8626
8596
8518
8439
8319
8209
8089
7945
7860
7773
7722
7724
7753
7813
7922
8046
8203
8379
8611
8846
9089
9277
9496
9730
9997
10219
10421
10632
10822
10977
11126
11274
11388
11465
11554
11591
11678
11660
11669
11646
11680
11663
11608
11578
11489
11456
11378
11309
11220
11191
11087
11041
10948
10897
10835
10752
10732
10698
10674
10646
10614
10639
10613
10640
10619
10655
10700
10715
10763
10825
10882
10921
10965
11015
11092
11177
11259
11360
11427
11528
11575
11672
11770
11852
11953
12028
12126
12168
12228
12325
12359
12420
12465
12519
12568
12598
12636
12683
12721
12731
12742
12771
12795
12815
12814
12826
12829
12827
12832
12816
12817
12812
12774
12760
12746
12716
12661
12610
12571
12548
12473
12419
12390
12341
12282
12215
12158
12079
12070
11938
11903
11814
11752
11671
11703
11578
11500
11468
11359
11314
11179
11133
11070
10992
10897
10870
10813
10693
10662
10575
10533
10508
10366
10367
10178
10148
10079
10015
10009
9920
9918
9848
9886
9705
9669
9607
9654
9503
9559
0
0
0
0
0
0
0
0
0
0
0
0
0
0
0
0
0
0
0
0
0
0
0
0
0
0
0
0
0
0
0
0
0
0
0
0
0
0
0
0
0
0
0
0
0
0
0
0
0
0
0
0
0
0
0
0
0
0
301.5446839 3.297930197 -0.0001662079439 0 0
