STM Crolles data; Norm= 32020
nm
uR 350.97624 0.0 0.156183635 0.01
uR 354.269018 0.0 0.167332917 0.01
uR 357.561463 0.0 0.172548407 0.01
uR 360.853576 0.0 0.181574016 0.01
uR 364.145357 0.0 0.195534041 0.01
uR 367.436805 0.0 0.209431605 0.01
uR 370.72792 0.0 0.221580262 0.01
uR 374.018704 0.0 0.237070581 0.01
uR 377.309154 0.0 0.245596502 0.01
uR 380.599273 0.0 0.256371018 0.01
uR 383.889059 0.0 0.26171143 0.01
uR 387.178512 0.0 0.262866958 0.01
uR 390.467634 0.0 0.262273579 0.01
uR 393.756422 0.0 0.262148657 0.01
uR 397.044879 0.0 0.260805746 0.01
uR 400.333003 0.0 0.257838851 0.01
uR 403.620794 0.0 0.25518426 0.01
uR 406.908253 0.0 0.251155528 0.01
uR 410.19538 0.0 0.247033104 0.01
uR 413.482174 0.0 0.243379138 0.01
uR 416.768636 0.0 0.240474703 0.01
uR 420.054765 0.0 0.237726421 0.01
uR 423.340563 0.0 0.23700812 0.01
uR 426.626027 0.0 0.235915053 0.01
uR 429.911159 0.0 0.237257964 0.01
uR 433.195959 0.0 0.238475953 0.01
uR 436.480426 0.0 0.242286071 0.01
uR 439.764561 0.0 0.246627108 0.01
uR 443.048364 0.0 0.252810743 0.01
uR 446.331834 0.0 0.258682074 0.01
uR 449.614972 0.0 0.266177389 0.01
uR 452.897777 0.0 0.273485322 0.01
uR 456.18025 0.0 0.280980637 0.01
uR 459.46239 0.0 0.289818863 0.01
uR 462.744198 0.0 0.297782636 0.01
uR 466.025674 0.0 0.306058713 0.01
uR 469.306817 0.0 0.312460962 0.01
uR 472.587628 0.0 0.319206746 0.01
uR 475.868106 0.0 0.325827608 0.01
uR 479.148252 0.0 0.332760775 0.01
uR 482.428066 0.0 0.338850718 0.01
uR 485.707547 0.0 0.343566521 0.01
uR 488.986696 0.0 0.349094316 0.01
uR 492.265512 0.0 0.353185509 0.01
uR 495.543996 0.0 0.3558401 0.01
uR 498.822147 0.0 0.359775141 0.01
uR 502.099966 0.0 0.362054966 0.01
uR 505.377453 0.0 0.364334791 0.01
uR 508.654607 0.0 0.365740162 0.01
uR 511.931429 0.0 0.366989382 0.01
uR 515.207918 0.0 0.366489694 0.01
uR 518.484075 0.0 0.365646471 0.01
uR 521.7599 0.0 0.366114928 0.01
uR 525.035392 0.0 0.363210493 0.01
uR 528.310551 0.0 0.362929419 0.01
uR 531.585379 0.0 0.361367895 0.01
uR 534.859874 0.0 0.359306683 0.01
uR 538.134036 0.0 0.356652092 0.01
uR 541.407866 0.0 0.354153654 0.01
uR 544.681364 0.0 0.353029357 0.01
uR 547.954529 0.0 0.350687071 0.01
uR 551.227362 0.0 0.348282324 0.01
uR 554.499862 0.0 0.345971268 0.01
uR 557.77203 0.0 0.343254216 0.01
uR 561.043866 0.0 0.341786384 0.01
uR 564.315369 0.0 0.339725172 0.01
uR 567.58654 0.0 0.337539038 0.01
uR 570.857378 0.0 0.335821362 0.01
uR 574.127884 0.0 0.334572142 0.01
uR 577.398057 0.0 0.334072455 0.01
uR 580.667898 0.0 0.332635853 0.01
uR 583.937407 0.0 0.332354778 0.01
uR 587.206583 0.0 0.332948157 0.01
uR 590.475427 0.0 0.332292317 0.01
uR 593.743938 0.0 0.333416615 0.01
uR 597.012117 0.0 0.334697064 0.01
uR 600.279964 0.0 0.335259213 0.01
uR 603.547478 0.0 0.337101811 0.01
uR 606.81466 0.0 0.338351031 0.01
uR 610.081509 0.0 0.340630856 0.01
uR 613.348026 0.0 0.341911305 0.01
uR 616.61421 0.0 0.345096814 0.01
uR 619.880062 0.0 0.347501562 0.01
uR 623.145582 0.0 0.349094316 0.01
uR 626.410769 0.0 0.351530294 0.01
uR 629.675624 0.0 0.353716427 0.01
uR 632.940147 0.0 0.357183011 0.01
uR 636.204337 0.0 0.358244847 0.01
uR 639.468194 0.0 0.36102436 0.01
uR 642.731719 0.0 0.363397876 0.01
uR 645.994912 0.0 0.36620862 0.01
uR 649.257772 0.0 0.369175515 0.01
uR 652.5203 0.0 0.372236102 0.01
uR 655.782496 0.0 0.375078076 0.01
uR 659.044359 0.0 0.37729544 0.01
uR 662.305889 0.0 0.380043723 0.01
uR 665.567088 0.0 0.383198001 0.01
uR 668.827954 0.0 0.384821986 0.01
uR 672.088487 0.0 0.387945034 0.01
uR 675.348688 0.0 0.389912555 0.01
uR 678.608556 0.0 0.391692692 0.01
uR 681.868093 0.0 0.393347908 0.01
uR 685.127296 0.0 0.396314803 0.01
uR 688.386168 0.0 0.39740787 0.01
uR 691.644707 0.0 0.398438476 0.01
uR 694.902913 0.0 0.400874453 0.01
uR 698.160787 0.0 0.401561524 0.01
uR 701.418329 0.0 0.402717052 0.01
uR 704.675538 0.0 0.402435978 0.01
uR 707.932415 0.0 0.403966271 0.01
uR 711.188959 0.0 0.405121799 0.01
uR 714.445171 0.0 0.404871955 0.01
uR 717.701051 0.0 0.406058713 0.01
uR 720.956598 0.0 0.40649594 0.01
uR 724.211813 0.0 0.405715178 0.01
uR 727.466695 0.0 0.406652092 0.01
uR 730.721245 0.0 0.406433479 0.01
uR 733.975463 0.0 0.406152405 0.01
uR 737.229348 0.0 0.406808245 0.01
uR 740.4829 0.0 0.40646471 0.01
uR 743.736121 0.0 0.405059338 0.01
uR 746.989009 0.0 0.403778888 0.01
uR 750.241564 0.0 0.403529044 0.01
uR 753.493787 0.0 0.403716427 0.01
uR 756.745678 0.0 0.402904435 0.01
uR 759.997236 0.0 0.402373517 0.01
uR 763.248462 0.0 0.400999375 0.01
uR 766.499355 0.0 0.399500312 0.01
uR 769.749916 0.0 0.398625859 0.01
uR 773.000144 0.0 0.397282948 0.01
uR 776.25004 0.0 0.395409119 0.01
uR 779.499604 0.0 0.39350406 0.01
uR 782.748835 0.0 0.391411618 0.01
uR 785.997734 0.0 0.390349781 0.01
uR 789.246301 0.0 0.388163648 0.01
uR 792.494535 0.0 0.385665209 0.01
uR 795.742436 0.0 0.384259838 0.01
uR 798.990006 0.0 0.382104934 0.01
uR 802.237242 0.0 0.380199875 0.01
uR 805.484147 0.0 0.377732667 0.01
uR 808.730719 0.0 0.376014991 0.01
uR 811.976958 0.0 0.374234853 0.01
uR 815.222865 0.0 0.371830106 0.01
uR 818.46844 0.0 0.370643348 0.01
uR 821.713682 0.0 0.367051843 0.01
uR 824.958592 0.0 0.366021237 0.01
uR 828.20317 0.0 0.363241724 0.01
uR 831.447415 0.0 0.36102436 0.01
uR 834.691327 0.0 0.358119925 0.01
uR 837.934907 0.0 0.357058089 0.01
uR 841.178155 0.0 0.354653342 0.01
uR 844.42107 0.0 0.35193629 0.01
uR 847.663653 0.0 0.34871955 0.01
uR 850.905904 0.0 0.348219863 0.01
uR 854.147822 0.0 0.345284197 0.01
uR 857.389408 0.0 0.341911305 0.01
uR 860.630661 0.0 0.340224859 0.01
uR 863.871582 0.0 0.33766396 0.01
uR 867.11217 0.0 0.335415365 0.01
uR 870.352426 0.0 0.332698314 0.01
uR 873.59235 0.0 0.331761399 0.01
uR 876.831941 0.0 0.330012492 0.01
uR 880.0712 0.0 0.327108057 0.01
uR 883.310126 0.0 0.324547158 0.01
uR 886.54872 0.0 0.323454091 0.01
uR 889.786982 0.0 0.322891943 0.01
uR 893.024911 0.0 0.320049969 0.01
uR 896.262508 0.0 0.318082448 0.01
uR 899.499772 0.0 0.31689569 0.01
uR 902.736704 0.0 0.315053092 0.01
uR 905.973303 0.0 0.312148657 0.01
uR 909.209571 0.0 0.309431605 0.01
uR 912.445505 0.0 0.306808245 0.01
uR 915.681107 0.0 0.309618988 0.01
uR 918.916377 0.0 0.307089319 0.01
uR 922.151315 0.0 0.303372892 0.01
uR 925.38592 0.0 0.30262336 0.01
uR 928.620192 0.0 0.304278576 0.01
uR 931.854132 0.0 0.301905059 0.01
uR 935.08774 0.0 0.297751405 0.01
uR 938.321015 0.0 0.299250468 0.01
uR 941.553958 0.0 0.297532792 0.01
uR 944.786569 0.0 0.29678326 0.01
uR 948.018847 0.0 0.295752655 0.01
