;Experimental Spectrum (Polarization=): Lot "fin_q122ncr" (297); Slot #9; Wafer "??" [9/21/11 12:26:10 PM]; MS Site #1; Die #10, ColRow[2,-3]; Region Measurement Point #1; Point: (39963, -127609) - absolute; (3578, 58) - from die left-bottom corner; Focus Z: 2906 counts; MetrologyRecipe: "PROD\055\055PMD-TBOX4";
0
0
0
0
0
0
0
0
0
0
0
0
0
0
4439
4622
4798
5077
5403
5762
6254
6728
7143
7544
7804
8018
8140
8211
8250
8259
8211
8170
8056
7967
7834
7741
7624
7541
7473
7453
7484
7523
7603
7733
7875
8081
8271
8510
8752
9001
9206
9437
9673
9924
10144
10354
10561
10733
10877
11027
11158
11268
11336
11457
11485
11538
11575
11536
11542
11469
11475
11415
11411
11312
11326
11192
11153
11092
11005
10931
10875
10810
10766
10738
10647
10625
10576
10578
10544
10576
10540
10574
10599
10615
10672
10654
10740
10796
10818
10897
10954
11014
11048
11138
11213
11287
11369
11478
11545
11638
11742
11819
11900
11983
12050
12150
12203
12278
12325
12391
12437
12497
12555
12597
12611
12643
12697
12729
12697
12756
12769
12785
12778
12810
12804
12793
12796
12827
12805
12804
12768
12732
12722
12713
12657
12616
12584
12549
12469
12424
12375
12332
12300
12202
12176
12106
12018
11978
11893
11866
11765
11714
11628
11625
11538
11438
11341
11314
11284
11158
11052
11009
10939
10909
10827
10748
10664
10556
10582
10471
10408
10355
10260
10212
10180
10134
9975
10004
9885
9922
9697
9829
9658
9674
9603
9562
9562
9583
0
0
0
0
0
0
0
0
0
0
0
0
0
0
0
0
0
0
0
0
0
0
0
0
0
0
0
0
0
0
0
0
0
0
0
0
0
0
0
0
0
0
0
0
0
0
0
0
0
0
0
0
0
0
0
0
0
0
301.5446839 3.297930197 -0.0001662079439 0 0
