;Experimental Spectrum (Polarization=): Lot "q125pap-fin" (295); Slot #9; Wafer "??" [9/21/11 4:21:19 AM]; MS Site #1; Die #14, ColRow[-4,2]; Region Measurement Point #1; Point: (-104509, 34076) - absolute; (3574, 48) - from die left-bottom corner; Focus Z: 3746 counts; MetrologyRecipe: "PROD\055\055PMD-TBOX4";
0
0
0
0
0
0
0
0
0
0
0
0
0
0
4264
4372
4467
4660
4940
5290
5740
6219
6680
7132
7501
7754
7967
8079
8242
8294
8319
8330
8298
8208
8109
7999
7879
7782
7673
7617
7570
7554
7558
7614
7703
7837
7983
8172
8392
8603
8792
9012
9260
9516
9761
9976
10207
10443
10621
10844
11025
11162
11279
11398
11506
11578
11597
11668
11672
11715
11716
11708
11683
11659
11628
11571
11523
11473
11372
11309
11254
11193
11167
11062
10957
10905
10876
10834
10809
10757
10747
10721
10696
10713
10743
10710
10749
10771
10771
10837
10850
10891
10963
10992
11081
11121
11226
11294
11370
11448
11530
11603
11689
11784
11855
11945
12016
12091
12159
12231
12285
12333
12406
12457
12490
12520
12580
12626
12656
12670
12703
12741
12758
12775
12828
12813
12829
12852
12836
12841
12818
12822
12792
12812
12783
12729
12694
12680
12613
12579
12507
12485
12405
12367
12339
12300
12248
12188
12094
12075
11973
11928
11896
11842
11758
11694
11588
11596
11500
11401
11332
11266
11193
11112
11063
11032
10946
10868
10803
10779
10678
10631
10502
10474
10420
10361
10303
10217
10139
10134
10044
10023
9949
9909
9922
9821
9769
9706
0
0
0
0
0
0
0
0
0
0
0
0
0
0
0
0
0
0
0
0
0
0
0
0
0
0
0
0
0
0
0
0
0
0
0
0
0
0
0
0
0
0
0
0
0
0
0
0
0
0
0
0
0
0
0
0
0
0
301.5446839 3.297930197 -0.0001662079439 0 0
