;Experimental Spectrum (Polarization=): Lot "fin_q128mib" (298); Slot #10; Wafer "??" [9/21/11 1:07:27 PM]; MS Site #1; Die #7, ColRow[2,2]; Region Measurement Point #1; Point: (39916, 34395) - absolute; (3560, 54) - from die left-bottom corner; Focus Z: 4101 counts; MetrologyRecipe: "PROD\055\055PMD-TBOX4";
0
0
0
0
0
0
0
0
0
0
0
0
0
0
5224
5540
5856
6089
6354
6620
6943
7202
7477
7635
7645
7609
7488
7387
7316
7208
7123
7017
6959
6926
6906
6959
7013
7129
7280
7468
7685
7912
8174
8455
8729
9016
9282
9558
9827
10036
10227
10401
10578
10737
10868
10990
11093
11187
11245
11267
11361
11330
11323
11290
11244
11215
11142
11108
11039
10976
10988
10857
10822
10791
10708
10648
10597
10571
10548
10493
10491
10477
10469
10446
10433
10486
10543
10615
10667
10681
10780
10872
10977
11048
11194
11277
11357
11486
11546
11685
11740
11824
11900
11986
12092
12171
12278
12329
12419
12499
12569
12637
12717
12795
12837
12910
12945
12968
13017
13037
13042
13064
13071
13053
13063
13040
13062
13060
13066
13041
13051
13012
13011
12977
12966
12929
12864
12852
12795
12762
12747
12689
12654
12623
12538
12448
12399
12322
12223
12140
12070
12000
11951
11877
11825
11728
11630
11631
11564
11471
11357
11265
11220
11191
11059
11011
10931
10831
10789
10681
10607
10568
10506
10393
10364
10328
10287
10255
10185
10148
10110
10049
10008
9925
9880
9806
9848
9732
9699
9678
9669
9680
9605
9569
9578
9608
9550
9516
0
0
0
0
0
0
0
0
0
0
0
0
0
0
0
0
0
0
0
0
0
0
0
0
0
0
0
0
0
0
0
0
0
0
0
0
0
0
0
0
0
0
0
0
0
0
0
0
0
0
0
0
0
0
0
0
0
0
301.5446839 3.297930197 -0.0001662079439 0 0
