;Experimental Spectrum (Polarization=): Lot "q125pap-fin" (295); Slot #9; Wafer "??" [9/21/11 4:21:19 AM]; MS Site #1; Die #10, ColRow[2,-3]; Region Measurement Point #1; Point: (39719, -127856) - absolute; (3574, 56) - from die left-bottom corner; Focus Z: 2889 counts; MetrologyRecipe: "PROD\055\055PMD-TBOX4";
0
0
0
0
0
0
0
0
0
0
0
0
0
0
4283
4503
4731
4966
5264
5680
6112
6594
7047
7403
7674
7872
8021
8052
8160
8118
8104
8050
7970
7872
7747
7648
7534
7470
7392
7393
7404
7460
7532
7661
7804
8005
8208
8443
8680
8930
9141
9373
9605
9878
10086
10286
10494
10693
10840
11027
11136
11255
11307
11413
11486
11499
11478
11496
11477
11455
11448
11453
11397
11327
11295
11199
11135
11068
10963
10931
10864
10843
10784
10715
10650
10615
10590
10560
10543
10553
10547
10564
10572
10602
10675
10640
10728
10781
10813
10884
10932
10992
11061
11127
11216
11274
11379
11503
11564
11658
11754
11817
11905
12007
12075
12150
12223
12290
12367
12422
12472
12529
12578
12632
12661
12668
12726
12752
12761
12792
12817
12848
12841
12845
12880
12867
12868
12882
12855
12850
12816
12824
12777
12784
12720
12693
12644
12601
12553
12509
12439
12418
12346
12269
12233
12184
12102
12028
11956
11925
11839
11763
11691
11683
11585
11507
11408
11396
11359
11255
11125
11072
11003
10955
10930
10860
10728
10666
10593
10581
10451
10425
10310
10337
10227
10239
10051
10010
9985
9983
9840
9988
9875
9745
9754
9690
9652
9664
0
0
0
0
0
0
0
0
0
0
0
0
0
0
0
0
0
0
0
0
0
0
0
0
0
0
0
0
0
0
0
0
0
0
0
0
0
0
0
0
0
0
0
0
0
0
0
0
0
0
0
0
0
0
0
0
0
0
301.5446839 3.297930197 -0.0001662079439 0 0
