;Experimental Spectrum (Polarization=): Lot "fin_q122ncr" (297); Slot #9; Wafer "??" [9/21/11 12:26:10 PM]; MS Site #1; Die #8, ColRow[5,0]; Region Measurement Point #1; Point: (112067, -30441) - absolute; (3568, 61) - from die left-bottom corner; Focus Z: 3546 counts; MetrologyRecipe: "PROD\055\055PMD-TBOX4";
0
0
0
0
0
0
0
0
0
0
0
0
0
0
4287
4397
4536
4774
5058
5449
5903
6379
6857
7297
7593
7864
8007
8117
8232
8297
8289
8253
8190
8113
7983
7886
7767
7674
7595
7551
7540
7544
7585
7674
7782
7947
8118
8340
8574
8797
9003
9226
9474
9745
9971
10219
10460
10608
10800
10978
11158
11278
11365
11500
11573
11659
11663
11707
11710
11693
11698
11671
11701
11653
11593
11523
11465
11431
11366
11258
11206
11129
11077
11024
10903
10858
10848
10820
10757
10759
10728
10732
10739
10755
10778
10746
10816
10833
10875
10925
10977
11021
11057
11117
11217
11267
11361
11416
11521
11620
11708
11763
11852
11940
12038
12115
12159
12235
12301
12369
12426
12476
12526
12582
12605
12635
12682
12738
12742
12789
12812
12828
12828
12886
12890
12878
12887
12920
12914
12916
12914
12880
12861
12859
12820
12752
12721
12730
12627
12599
12542
12484
12470
12394
12376
12301
12233
12179
12128
12048
11962
11909
11880
11856
11735
11681
11527
11518
11474
11377
11295
11222
11162
11077
11032
10946
10902
10825
10821
10687
10605
10635
10542
10457
10485
10375
10221
10252
10175
10211
10069
10053
9866
9906
9903
9842
9765
9704
0
0
0
0
0
0
0
0
0
0
0
0
0
0
0
0
0
0
0
0
0
0
0
0
0
0
0
0
0
0
0
0
0
0
0
0
0
0
0
0
0
0
0
0
0
0
0
0
0
0
0
0
0
0
0
0
0
0
301.5446839 3.297930197 -0.0001662079439 0 0
