;Experimental Spectrum (Polarization=): Lot "fin_q122ncr" (297); Slot #10; Wafer "??" [9/21/11 12:27:51 PM]; MS Site #1; Die #2, ColRow[3,0]; Region Measurement Point #1; Point: (63730, -30693) - absolute; (3574, 44) - from die left-bottom corner; Focus Z: 4025 counts; MetrologyRecipe: "PROD\055\055PMD-TBOX4";
0
0
0
0
0
0
0
0
0
0
0
0
0
0
5390
5744
6035
6303
6591
6878
7148
7490
7723
7848
7881
7842
7723
7623
7532
7419
7314
7227
7156
7118
7111
7149
7230
7337
7487
7687
7914
8131
8399
8683
8945
9221
9496
9767
10031
10244
10440
10598
10772
10918
11043
11158
11307
11347
11381
11443
11445
11412
11378
11329
11312
11279
11200
11152
11070
10997
10916
10874
10775
10760
10696
10626
10575
10545
10471
10460
10442
10427
10420
10440
10404
10454
10516
10586
10660
10708
10804
10872
10952
11048
11180
11247
11364
11458
11533
11625
11728
11817
11897
11965
12074
12151
12241
12314
12415
12478
12540
12611
12679
12742
12785
12840
12865
12915
12956
12988
12966
12996
12992
12987
12980
12998
12992
12992
12961
12939
12935
12937
12898
12864
12840
12813
12782
12748
12745
12670
12640
12555
12525
12489
12437
12335
12245
12218
12119
12062
11945
11896
11848
11732
11699
11601
11557
11489
11425
11341
11229
11107
11073
11047
10975
10847
10781
10720
10654
10550
10498
10445
10387
10257
10225
10241
10168
10104
10013
10005
9956
9896
9812
9829
9741
9704
9637
9622
9550
9566
9539
9539
9456
9384
9387
9439
9419
9352
0
0
0
0
0
0
0
0
0
0
0
0
0
0
0
0
0
0
0
0
0
0
0
0
0
0
0
0
0
0
0
0
0
0
0
0
0
0
0
0
0
0
0
0
0
0
0
0
0
0
0
0
0
0
0
0
0
0
301.5446839 3.297930197 -0.0001662079439 0 0
