;Experimental Spectrum (Polarization=): Lot "q125pap-fin" (295); Slot #10; Wafer "??" [9/21/11 4:22:53 AM]; MS Site #1; Die #15, ColRow[-2,4]; Region Measurement Point #1; Point: (-56419, 99279) - absolute; (3578, 68) - from die left-bottom corner; Focus Z: 3569 counts; MetrologyRecipe: "PROD\055\055PMD-TBOX4";
0
0
0
0
0
0
0
0
0
0
0
0
0
0
4356
4564
4813
5081
5355
5753
6211
6634
7079
7417
7672
7846
7924
7967
7999
7978
7940
7873
7768
7676
7556
7456
7370
7317
7287
7294
7336
7416
7516
7682
7842
8052
8270
8521
8788
9032
9259
9462
9702
9938
10158
10328
10559
10718
10882
11062
11149
11284
11313
11420
11437
11491
11487
11467
11436
11410
11408
11384
11375
11286
11261
11168
11119
11040
10995
10913
10864
10814
10779
10693
10645
10624
10569
10579
10585
10576
10595
10612
10616
10661
10711
10748
10818
10861
10918
10976
11043
11125
11196
11260
11353
11415
11526
11591
11699
11761
11846
11941
12014
12093
12159
12268
12324
12366
12448
12505
12542
12577
12635
12671
12691
12707
12770
12777
12781
12827
12839
12834
12842
12849
12866
12860
12844
12869
12848
12846
12787
12802
12751
12739
12667
12634
12581
12568
12475
12423
12342
12303
12270
12195
12147
12090
12023
11980
11933
11883
11774
11679
11626
11581
11526
11409
11384
11242
11216
11119
11031
11028
10894
10856
10738
10736
10659
10603
10484
10421
10402
10375
10241
10206
10164
10107
10097
9951
9961
9867
9844
9769
9759
9711
9750
9704
9676
9514
0
0
0
0
0
0
0
0
0
0
0
0
0
0
0
0
0
0
0
0
0
0
0
0
0
0
0
0
0
0
0
0
0
0
0
0
0
0
0
0
0
0
0
0
0
0
0
0
0
0
0
0
0
0
0
0
0
0
301.5446839 3.297930197 -0.0001662079439 0 0
