;Experimental Spectrum (Polarization=): Lot "q125pap-fin" (295); Slot #10; Wafer "??" [9/21/11 4:22:53 AM]; MS Site #1; Die #6, ColRow[-1,3]; Region Measurement Point #1; Point: (-32391, 66873) - absolute; (3568, 50) - from die left-bottom corner; Focus Z: 4127 counts; MetrologyRecipe: "PROD\055\055PMD-TBOX4";
0
0
0
0
0
0
0
0
0
0
0
0
0
0
5198
5526
5804
6080
6372
6680
6985
7283
7589
7704
7778
7770
7674
7582
7496
7399
7282
7197
7113
7064
7032
7054
7093
7190
7316
7500
7686
7907
8148
8418
8688
8957
9215
9498
9762
9981
10179
10342
10536
10688
10827
10958
11103
11155
11246
11287
11334
11347
11367
11338
11300
11257
11187
11135
11092
10939
10936
10853
10824
10752
10721
10628
10607
10545
10490
10454
10449
10436
10432
10422
10403
10455
10477
10544
10601
10642
10712
10822
10881
10964
11062
11142
11262
11349
11447
11552
11595
11701
11805
11878
11964
12049
12171
12210
12303
12374
12459
12499
12587
12667
12708
12773
12826
12856
12908
12923
12947
12948
12966
12977
12976
12947
12957
12970
12946
12961
12953
12919
12894
12859
12858
12835
12768
12782
12740
12711
12635
12607
12557
12527
12462
12371
12299
12246
12158
12094
11991
11907
11877
11780
11754
11669
11620
11537
11493
11433
11306
11196
11150
11118
11040
10913
10892
10773
10712
10624
10561
10559
10482
10398
10303
10302
10201
10129
10143
9999
10005
9959
9860
9875
9848
9704
9775
9654
9598
9612
9616
9492
9602
9577
9484
9500
9484
9220
0
0
0
0
0
0
0
0
0
0
0
0
0
0
0
0
0
0
0
0
0
0
0
0
0
0
0
0
0
0
0
0
0
0
0
0
0
0
0
0
0
0
0
0
0
0
0
0
0
0
0
0
0
0
0
0
0
0
301.5446839 3.297930197 -0.0001662079439 0 0
