;Experimental Spectrum (Polarization=): Lot "q125pap-fin" (295); Slot #9; Wafer "??" [9/21/11 4:21:19 AM]; MS Site #1; Die #4, ColRow[-2,-1]; Region Measurement Point #1; Point: (-56440, -63112) - absolute; (3566, 24) - from die left-bottom corner; Focus Z: 3867 counts; MetrologyRecipe: "PROD\055\055PMD-TBOX4";
0
0
0
0
0
0
0
0
0
0
0
0
0
0
4996
5391
5692
5961
6251
6618
6978
7366
7635
7885
7977
7963
7918
7832
7789
7678
7563
7458
7367
7293
7234
7215
7209
7266
7347
7508
7668
7856
8070
8328
8580
8858
9133
9402
9671
9926
10115
10315
10534
10724
10886
10996
11140
11252
11355
11434
11479
11497
11492
11474
11497
11451
11365
11340
11211
11190
11122
11085
10997
10925
10876
10780
10721
10659
10601
10549
10525
10503
10486
10455
10442
10434
10503
10501
10569
10601
10670
10731
10791
10867
10981
11039
11133
11241
11310
11415
11481
11557
11661
11747
11830
11905
12019
12108
12200
12243
12365
12403
12501
12569
12620
12682
12736
12782
12843
12879
12889
12922
12949
12976
12961
12957
12980
12992
12971
12954
12972
12977
12937
12923
12926
12888
12866
12858
12809
12776
12741
12708
12653
12635
12554
12492
12416
12369
12275
12235
12133
12100
12005
11945
11853
11816
11747
11667
11587
11531
11444
11335
11313
11271
11150
11094
10968
10951
10912
10799
10720
10645
10610
10539
10474
10450
10339
10301
10214
10203
10132
10048
10025
9938
9904
9879
9857
9792
9688
9702
9663
9630
9559
9562
9615
9443
9556
9443
0
0
0
0
0
0
0
0
0
0
0
0
0
0
0
0
0
0
0
0
0
0
0
0
0
0
0
0
0
0
0
0
0
0
0
0
0
0
0
0
0
0
0
0
0
0
0
0
0
0
0
0
0
0
0
0
0
0
301.5446839 3.297930197 -0.0001662079439 0 0
