;Experimental Spectrum (Polarization=): Lot "fin_q128mib" (298); Slot #10; Wafer "??" [9/21/11 1:07:27 PM]; MS Site #1; Die #2, ColRow[3,0]; Region Measurement Point #1; Point: (63970, -30387) - absolute; (3576, 47) - from die left-bottom corner; Focus Z: 3992 counts; MetrologyRecipe: "PROD\055\055PMD-TBOX4";
0
0
0
0
0
0
0
0
0
0
0
0
0
0
5145
5457
5786
6111
6402
6721
7080
7465
7720
7929
8000
7977
7918
7833
7750
7653
7537
7427
7332
7268
7232
7229
7233
7330
7429
7575
7770
7973
8197
8472
8731
8991
9274
9563
9820
10051
10253
10444
10632
10815
10946
11086
11234
11302
11376
11431
11484
11462
11485
11467
11439
11406
11368
11309
11210
11193
11115
11052
10961
10925
10874
10768
10728
10661
10615
10566
10545
10496
10506
10472
10450
10458
10534
10552
10600
10625
10735
10793
10856
10932
11038
11138
11216
11307
11395
11474
11563
11662
11713
11816
11886
11994
12076
12173
12272
12327
12409
12469
12553
12632
12695
12744
12779
12824
12885
12915
12920
12926
12959
12957
12960
12972
12981
12970
12978
12975
12962
12961
12943
12913
12897
12866
12834
12814
12782
12729
12703
12652
12625
12572
12510
12432
12366
12311
12223
12175
12065
12017
11971
11872
11818
11750
11672
11627
11564
11455
11370
11271
11193
11199
11071
11007
10945
10829
10794
10697
10601
10585
10498
10394
10347
10348
10287
10219
10141
10151
10094
9992
9973
9868
9751
9761
9773
9656
9579
9594
9601
9546
9487
9406
9475
9541
9367
9381
0
0
0
0
0
0
0
0
0
0
0
0
0
0
0
0
0
0
0
0
0
0
0
0
0
0
0
0
0
0
0
0
0
0
0
0
0
0
0
0
0
0
0
0
0
0
0
0
0
0
0
0
0
0
0
0
0
0
301.5446839 3.297930197 -0.0001662079439 0 0
