;Experimental Spectrum (Polarization=): Lot "fin_q128mib" (298); Slot #9; Wafer "??" [9/21/11 1:05:31 PM]; MS Site #1; Die #7, ColRow[2,2]; Region Measurement Point #1; Point: (39916, 34288) - absolute; (3554, 40) - from die left-bottom corner; Focus Z: 4036 counts; MetrologyRecipe: "PROD\055\055PMD-TBOX4";
0
0
0
0
0
0
0
0
0
0
0
0
0
0
4976
5259
5549
5827
6142
6486
6849
7203
7482
7738
7838
7803
7789
7701
7637
7544
7430
7333
7236
7143
7086
7070
7087
7139
7224
7353
7511
7708
7928
8174
8438
8707
8975
9250
9544
9777
9983
10164
10374
10564
10758
10894
11028
11150
11216
11311
11408
11402
11391
11417
11435
11393
11349
11307
11283
11159
11178
11063
11037
10951
10924
10831
10777
10746
10696
10618
10596
10557
10548
10499
10479
10510
10539
10551
10612
10650
10672
10761
10865
10928
11027
11103
11156
11301
11341
11457
11539
11607
11689
11772
11873
11958
12063
12100
12210
12287
12368
12438
12516
12590
12640
12733
12794
12821
12867
12902
12916
12942
12957
12981
12965
12995
12998
13013
13013
12997
13009
12998
12998
12966
12962
12892
12905
12892
12844
12820
12783
12737
12716
12670
12625
12530
12472
12418
12318
12271
12173
12137
12050
11993
11930
11847
11775
11740
11677
11611
11504
11394
11370
11303
11220
11121
11039
10945
10916
10835
10773
10711
10627
10531
10514
10423
10410
10344
10281
10275
10121
10143
10069
10058
10015
9899
9858
9787
9735
9735
9753
9767
9646
9633
9533
9606
9656
9571
0
0
0
0
0
0
0
0
0
0
0
0
0
0
0
0
0
0
0
0
0
0
0
0
0
0
0
0
0
0
0
0
0
0
0
0
0
0
0
0
0
0
0
0
0
0
0
0
0
0
0
0
0
0
0
0
0
0
301.5446839 3.297930197 -0.0001662079439 0 0
