;Experimental Spectrum (Polarization=): Lot "fin_q122ncr" (297); Slot #9; Wafer "??" [9/21/11 12:26:10 PM]; MS Site #1; Die #11, ColRow[-2,-3]; Region Measurement Point #1; Point: (-56187, -127640) - absolute; (3579, 26) - from die left-bottom corner; Focus Z: 3172 counts; MetrologyRecipe: "PROD\055\055PMD-TBOX4";
0
0
0
0
0
0
0
0
0
0
0
0
0
0
4557
4679
4795
5025
5346
5728
6203
6756
7196
7628
7985
8252
8421
8567
8695
8726
8738
8722
8653
8572
8437
8328
8170
8061
7979
7889
7866
7845
7863
7936
8029
8172
8310
8516
8731
8955
9154
9363
9594
9856
10106
10339
10551
10756
10934
11090
11273
11400
11501
11604
11719
11796
11820
11812
11823
11820
11800
11778
11747
11684
11657
11564
11512
11446
11379
11300
11226
11155
11100
11060
10932
10873
10833
10818
10761
10747
10711
10714
10720
10692
10702
10698
10734
10784
10794
10860
10887
10929
10968
11013
11103
11152
11265
11324
11399
11480
11587
11654
11738
11806
11890
11991
12047
12119
12190
12258
12310
12375
12420
12478
12508
12568
12609
12643
12634
12662
12702
12719
12741
12763
12774
12766
12794
12818
12798
12835
12784
12767
12734
12763
12715
12674
12651
12646
12547
12511
12458
12426
12401
12295
12291
12201
12148
12111
12015
11955
11875
11825
11779
11764
11640
11580
11504
11459
11397
11285
11222
11151
11105
11015
11025
10847
10771
10743
10701
10622
10547
10451
10414
10342
10284
10211
10108
10127
10039
10026
9846
9857
9806
9716
9732
9666
9668
9569
0
0
0
0
0
0
0
0
0
0
0
0
0
0
0
0
0
0
0
0
0
0
0
0
0
0
0
0
0
0
0
0
0
0
0
0
0
0
0
0
0
0
0
0
0
0
0
0
0
0
0
0
0
0
0
0
0
0
301.5446839 3.297930197 -0.0001662079439 0 0
