;Experimental Spectrum (Polarization=): Lot "fin_q122ncr" (297); Slot #9; Wafer "??" [9/21/11 12:26:10 PM]; MS Site #1; Die #13, ColRow[-5,0]; Region Measurement Point #1; Point: (-128297, -30471) - absolute; (3584, 32) - from die left-bottom corner; Focus Z: 3419 counts; MetrologyRecipe: "PROD\055\055PMD-TBOX4";
0
0
0
0
0
0
0
0
0
0
0
0
0
0
4362
4395
4494
4662
4950
5261
5756
6221
6684
7126
7495
7772
7977
8151
8303
8369
8419
8429
8370
8315
8201
8105
7964
7866
7766
7679
7642
7608
7609
7678
7745
7871
7996
8189
8396
8606
8788
9014
9239
9497
9755
9992
10228
10421
10619
10785
10992
11113
11254
11411
11509
11607
11670
11661
11668
11717
11697
11702
11687
11641
11615
11552
11511
11436
11392
11293
11250
11172
11127
11064
10955
10925
10894
10834
10798
10786
10737
10717
10709
10682
10707
10687
10746
10751
10761
10794
10843
10905
10916
10953
11048
11094
11192
11249
11334
11418
11534
11575
11674
11759
11825
11926
11981
12063
12130
12182
12237
12293
12370
12439
12473
12525
12570
12617
12610
12675
12688
12721
12747
12771
12783
12781
12805
12833
12841
12844
12830
12809
12801
12813
12765
12703
12706
12684
12608
12570
12527
12478
12475
12409
12386
12307
12265
12218
12125
12077
11988
11946
11902
11925
11780
11694
11613
11609
11547
11412
11344
11294
11272
11134
11097
11012
10948
10882
10844
10770
10700
10639
10586
10473
10453
10414
10281
10284
10181
10160
10031
10058
9937
9974
9795
9764
9816
9769
0
0
0
0
0
0
0
0
0
0
0
0
0
0
0
0
0
0
0
0
0
0
0
0
0
0
0
0
0
0
0
0
0
0
0
0
0
0
0
0
0
0
0
0
0
0
0
0
0
0
0
0
0
0
0
0
0
0
301.5446839 3.297930197 -0.0001662079439 0 0
