;Experimental Spectrum (Polarization=): Lot "q125pap-fin" (295); Slot #10; Wafer "??" [9/21/11 4:22:53 AM]; MS Site #1; Die #5, ColRow[-3,1]; Region Measurement Point #1; Point: (-80462, 2079) - absolute; (3573, 32) - from die left-bottom corner; Focus Z: 4098 counts; MetrologyRecipe: "PROD\055\055PMD-TBOX4";
0
0
0
0
0
0
0
0
0
0
0
0
0
0
4896
5210
5552
5862
6154
6538
6956
7333
7683
7904
8031
8073
8042
7986
7910
7831
7727
7614
7498
7421
7354
7302
7274
7302
7367
7484
7603
7783
7975
8222
8447
8720
8971
9259
9533
9787
9998
10187
10417
10602
10782
10937
11098
11187
11325
11417
11479
11538
11548
11557
11518
11497
11431
11413
11359
11272
11245
11159
11142
11050
11057
10877
10868
10800
10713
10665
10638
10602
10585
10553
10513
10519
10527
10535
10597
10611
10661
10735
10757
10850
10938
10986
11088
11165
11239
11346
11403
11475
11569
11665
11733
11829
11932
12008
12111
12153
12250
12317
12408
12492
12524
12620
12671
12718
12790
12815
12843
12849
12899
12917
12905
12916
12940
12947
12918
12944
12941
12915
12917
12896
12912
12868
12853
12838
12809
12788
12748
12690
12695
12649
12584
12509
12449
12405
12319
12249
12140
12109
12032
11965
11887
11834
11761
11700
11626
11602
11452
11381
11300
11277
11184
11084
11041
10952
10880
10803
10753
10710
10563
10526
10488
10400
10343
10319
10252
10159
10099
10084
9945
9986
9925
9864
9831
9734
9672
9652
9626
9590
9549
9583
9552
9416
9588
9329
0
0
0
0
0
0
0
0
0
0
0
0
0
0
0
0
0
0
0
0
0
0
0
0
0
0
0
0
0
0
0
0
0
0
0
0
0
0
0
0
0
0
0
0
0
0
0
0
0
0
0
0
0
0
0
0
0
0
301.5446839 3.297930197 -0.0001662079439 0 0
