;Experimental Spectrum (Polarization=): Lot "fin_q128mib" (298); Slot #10; Wafer "??" [9/21/11 1:07:27 PM]; MS Site #1; Die #3, ColRow[1,-2]; Region Measurement Point #1; Point: (15905, -95177) - absolute; (3587, 34) - from die left-bottom corner; Focus Z: 3603 counts; MetrologyRecipe: "PROD\055\055PMD-TBOX4";
0
0
0
0
0
0
0
0
0
0
0
0
0
0
4798
5093
5405
5697
6013
6420
6819
7271
7603
7856
7995
8034
8022
8003
7971
7895
7796
7675
7575
7481
7397
7343
7299
7317
7356
7450
7578
7739
7918
8161
8393
8629
8887
9174
9450
9687
9910
10114
10333
10538
10726
10884
11031
11158
11263
11334
11425
11469
11485
11474
11495
11485
11407
11390
11328
11327
11252
11178
11107
11076
10991
10886
10849
10762
10719
10651
10598
10561
10540
10475
10465
10456
10490
10506
10541
10553
10593
10660
10711
10740
10857
10891
10986
11068
11157
11248
11295
11385
11445
11538
11620
11723
11809
11900
11993
12064
12156
12232
12303
12405
12453
12531
12562
12631
12701
12727
12771
12778
12825
12836
12840
12876
12894
12905
12905
12905
12913
12922
12907
12911
12886
12866
12848
12834
12811
12792
12766
12723
12689
12660
12616
12531
12488
12410
12362
12275
12200
12162
12097
12033
11970
11918
11804
11782
11693
11631
11527
11461
11357
11357
11248
11162
11124
11008
10980
10877
10798
10729
10660
10574
10553
10517
10390
10380
10290
10245
10234
10086
10128
9957
9899
9875
9855
9792
9691
9638
9673
9691
9594
9547
9581
9489
9505
9388
0
0
0
0
0
0
0
0
0
0
0
0
0
0
0
0
0
0
0
0
0
0
0
0
0
0
0
0
0
0
0
0
0
0
0
0
0
0
0
0
0
0
0
0
0
0
0
0
0
0
0
0
0
0
0
0
0
0
301.5446839 3.297930197 -0.0001662079439 0 0
