;Experimental Spectrum (Polarization=): Lot "fin_q122ncr" (297); Slot #10; Wafer "??" [9/21/11 12:27:51 PM]; MS Site #1; Die #1, ColRow[0,0]; Region Measurement Point #1; Point: (-8392, -30697) - absolute; (3566, 39) - from die left-bottom corner; Focus Z: 4449 counts; MetrologyRecipe: "PROD\055\055PMD-TBOX4";
0
0
0
0
0
0
0
0
0
0
0
0
0
0
5182
5551
5797
6060
6340
6618
6902
7223
7512
7638
7716
7668
7596
7499
7415
7334
7197
7121
7042
7005
6971
7005
7073
7157
7290
7494
7694
7921
8176
8465
8732
8998
9291
9573
9836
10073
10268
10454
10649
10817
10929
11092
11243
11297
11337
11437
11437
11424
11411
11361
11353
11398
11267
11232
11126
11070
10981
10949
10869
10840
10775
10682
10661
10604
10516
10515
10497
10463
10478
10479
10432
10463
10518
10565
10650
10709
10756
10843
10948
11008
11155
11201
11319
11450
11501
11623
11688
11801
11866
11928
12064
12131
12233
12310
12391
12476
12555
12609
12693
12784
12805
12894
12918
12991
13047
13064
13073
13109
13087
13081
13090
13066
13096
13109
13078
13070
13088
13076
13047
13030
12999
12958
12938
12907
12905
12837
12833
12742
12714
12696
12627
12548
12460
12430
12322
12249
12149
12100
12045
11944
11932
11830
11780
11697
11626
11592
11464
11350
11318
11271
11195
11083
10987
10941
10892
10784
10712
10674
10609
10446
10459
10455
10367
10373
10259
10250
10118
10165
10090
10042
9903
9905
9857
9785
9753
9776
9701
9645
9683
9594
9600
9522
9673
9456
0
0
0
0
0
0
0
0
0
0
0
0
0
0
0
0
0
0
0
0
0
0
0
0
0
0
0
0
0
0
0
0
0
0
0
0
0
0
0
0
0
0
0
0
0
0
0
0
0
0
0
0
0
0
0
0
0
0
301.5446839 3.297930197 -0.0001662079439 0 0
