;Experimental Spectrum (Polarization=): Lot "fin_q122ncr" (297); Slot #10; Wafer "??" [9/21/11 12:27:51 PM]; MS Site #1; Die #10, ColRow[2,-3]; Region Measurement Point #1; Point: (39687, -127850) - absolute; (3569, 51) - from die left-bottom corner; Focus Z: 2834 counts; MetrologyRecipe: "PROD\055\055PMD-TBOX4";
0
0
0
0
0
0
0
0
0
0
0
0
0
0
4482
4669
4861
5130
5456
5855
6276
6794
7257
7603
7859
8017
8145
8206
8247
8227
8190
8124
8018
7916
7789
7686
7599
7499
7463
7440
7486
7533
7632
7782
7925
8128
8347
8584
8818
9078
9294
9505
9754
9995
10208
10401
10629
10794
10933
11117
11221
11322
11381
11496
11490
11558
11552
11557
11546
11479
11436
11432
11398
11332
11293
11200
11141
11085
10957
10921
10858
10813
10743
10720
10639
10587
10586
10590
10560
10556
10550
10583
10594
10613
10684
10690
10777
10809
10836
10939
10998
11048
11117
11198
11279
11335
11429
11538
11592
11682
11788
11876
11939
12046
12100
12211
12257
12331
12388
12444
12480
12550
12573
12633
12660
12676
12733
12764
12746
12791
12797
12810
12823
12829
12840
12835
12838
12838
12849
12817
12813
12757
12753
12742
12697
12646
12592
12564
12503
12442
12377
12355
12330
12195
12180
12116
12040
11995
11913
11892
11772
11689
11639
11626
11570
11425
11367
11295
11282
11145
11063
11031
10933
10882
10777
10778
10662
10584
10516
10533
10401
10304
10261
10231
10184
10181
9962
10014
9919
9859
9810
9847
9790
9717
9625
9560
9756
9501
0
0
0
0
0
0
0
0
0
0
0
0
0
0
0
0
0
0
0
0
0
0
0
0
0
0
0
0
0
0
0
0
0
0
0
0
0
0
0
0
0
0
0
0
0
0
0
0
0
0
0
0
0
0
0
0
0
0
301.5446839 3.297930197 -0.0001662079439 0 0
