;Experimental Spectrum (Polarization=): Lot "fin_q128mib" (298); Slot #9; Wafer "??" [9/21/11 1:05:31 PM]; MS Site #1; Die #5, ColRow[-3,1]; Region Measurement Point #1; Point: (-80263, 1883) - absolute; (3565, 24) - from die left-bottom corner; Focus Z: 3979 counts; MetrologyRecipe: "PROD\055\055PMD-TBOX4";
0
0
0
0
0
0
0
0
0
0
0
0
0
0
4902
5117
5448
5742
6095
6492
6853
7245
7579
7860
8017
8032
8032
7977
7921
7828
7725
7618
7503
7398
7309
7264
7229
7252
7297
7384
7507
7679
7869
8085
8341
8594
8856
9131
9413
9659
9862
10078
10286
10500
10695
10852
11015
11126
11246
11345
11420
11489
11451
11481
11490
11490
11420
11419
11353
11290
11280
11155
11141
11071
11029
10924
10855
10799
10729
10674
10639
10581
10551
10540
10492
10494
10515
10510
10564
10586
10610
10671
10743
10799
10896
10974
11035
11134
11190
11274
11374
11425
11496
11595
11673
11778
11870
11941
12064
12105
12182
12253
12336
12444
12493
12572
12626
12661
12740
12769
12804
12809
12855
12892
12884
12913
12917
12938
12915
12924
12929
12923
12933
12904
12906
12850
12864
12841
12812
12796
12770
12713
12706
12667
12608
12543
12462
12425
12339
12270
12166
12152
12071
12024
11950
11873
11786
11764
11665
11619
11518
11442
11385
11335
11240
11166
11090
10997
10952
10847
10802
10748
10593
10565
10545
10472
10404
10404
10304
10241
10140
10113
10028
9993
9969
9905
9841
9745
9702
9735
9665
9641
9666
9532
9569
9529
9587
9362
0
0
0
0
0
0
0
0
0
0
0
0
0
0
0
0
0
0
0
0
0
0
0
0
0
0
0
0
0
0
0
0
0
0
0
0
0
0
0
0
0
0
0
0
0
0
0
0
0
0
0
0
0
0
0
0
0
0
301.5446839 3.297930197 -0.0001662079439 0 0
