;Experimental Spectrum (Polarization=): Lot "fin_q122ncr" (297); Slot #9; Wafer "??" [9/21/11 12:26:10 PM]; MS Site #1; Die #3, ColRow[1,-2]; Region Measurement Point #1; Point: (15939, -95243) - absolute; (3591, 35) - from die left-bottom corner; Focus Z: 3627 counts; MetrologyRecipe: "PROD\055\055PMD-TBOX4";
0
0
0
0
0
0
0
0
0
0
0
0
0
0
5141
5442
5737
6066
6324
6652
7007
7351
7645
7843
7931
7874
7822
7740
7670
7556
7443
7331
7243
7191
7138
7140
7154
7225
7324
7489
7666
7865
8090
8360
8614
8907
9168
9443
9707
9942
10130
10318
10512
10702
10855
10983
11132
11202
11267
11329
11371
11377
11362
11345
11344
11289
11268
11186
11115
11038
10978
10888
10850
10791
10760
10638
10596
10534
10506
10444
10419
10401
10383
10375
10352
10384
10442
10467
10518
10572
10632
10726
10795
10867
10973
11012
11162
11246
11328
11412
11500
11583
11642
11724
11827
11908
12004
12100
12176
12253
12341
12389
12470
12526
12584
12652
12677
12733
12788
12812
12821
12848
12866
12884
12877
12895
12896
12912
12859
12875
12855
12867
12815
12820
12796
12748
12737
12731
12686
12677
12618
12574
12517
12503
12424
12326
12299
12255
12134
12079
12026
11942
11886
11809
11756
11675
11582
11529
11485
11408
11281
11215
11148
11118
10996
10940
10865
10785
10750
10644
10556
10503
10452
10381
10349
10278
10206
10139
10107
10048
9961
9985
9901
9830
9761
9733
9726
9618
9592
9581
9493
9479
9439
9379
9485
9322
9343
9340
0
0
0
0
0
0
0
0
0
0
0
0
0
0
0
0
0
0
0
0
0
0
0
0
0
0
0
0
0
0
0
0
0
0
0
0
0
0
0
0
0
0
0
0
0
0
0
0
0
0
0
0
0
0
0
0
0
0
301.5446839 3.297930197 -0.0001662079439 0 0
