;Experimental Spectrum (Polarization=): Lot "q125pap-fin" (295); Slot #9; Wafer "??" [9/21/11 4:21:19 AM]; MS Site #1; Die #1, ColRow[0,0]; Region Measurement Point #1; Point: (-8365, -30711) - absolute; (3566, 37) - from die left-bottom corner; Focus Z: 4289 counts; MetrologyRecipe: "PROD\055\055PMD-TBOX4";
0
0
0
0
0
0
0
0
0
0
0
0
0
0
5031
5394
5682
5974
6232
6571
6876
7217
7493
7700
7755
7748
7692
7574
7547
7438
7325
7236
7162
7091
7042
7051
7074
7164
7267
7437
7611
7826
8051
8316
8582
8862
9143
9421
9705
9942
10130
10337
10540
10740
10860
11014
11137
11256
11328
11400
11448
11426
11447
11385
11423
11411
11316
11280
11201
11162
11050
11040
10960
10890
10818
10757
10700
10650
10578
10536
10531
10487
10522
10463
10415
10452
10499
10511
10590
10656
10695
10774
10858
10925
11062
11112
11220
11327
11398
11520
11576
11672
11776
11823
11964
12016
12138
12208
12295
12383
12467
12518
12597
12692
12732
12796
12853
12911
12970
12995
13021
13022
13052
13061
13067
13056
13071
13069
13062
13054
13071
13060
13028
13015
13018
12950
12947
12936
12884
12833
12823
12767
12726
12703
12631
12561
12476
12452
12351
12310
12172
12160
12051
11995
11970
11893
11816
11733
11683
11603
11510
11399
11382
11326
11214
11129
11004
10991
10947
10845
10778
10686
10661
10538
10539
10486
10422
10362
10301
10276
10167
10179
10066
10072
9952
9912
9934
9787
9757
9762
9674
9716
9723
9636
9684
9551
9632
9460
0
0
0
0
0
0
0
0
0
0
0
0
0
0
0
0
0
0
0
0
0
0
0
0
0
0
0
0
0
0
0
0
0
0
0
0
0
0
0
0
0
0
0
0
0
0
0
0
0
0
0
0
0
0
0
0
0
0
301.5446839 3.297930197 -0.0001662079439 0 0
