;Experimental Spectrum (Polarization=): Lot "fin_q122ncr" (297); Slot #9; Wafer "??" [9/21/11 12:26:10 PM]; MS Site #1; Die #1, ColRow[0,0]; Region Measurement Point #1; Point: (-8122, -30462) - absolute; (3568, 40) - from die left-bottom corner; Focus Z: 4502 counts; MetrologyRecipe: "PROD\055\055PMD-TBOX4";
0
0
0
0
0
0
0
0
0
0
0
0
0
0
5222
5538
5802
6071
6344
6607
6933
7219
7492
7697
7751
7690
7643
7527
7445
7361
7230
7159
7068
7038
6987
7030
7063
7170
7301
7490
7691
7915
8151
8440
8705
8992
9274
9559
9830
10066
10256
10450
10635
10818
10945
11113
11239
11308
11358
11399
11457
11442
11443
11408
11404
11410
11349
11263
11190
11119
10988
10970
10912
10847
10820
10726
10675
10616
10560
10525
10522
10491
10489
10503
10437
10478
10521
10565
10636
10708
10753
10832
10949
11006
11149
11192
11330
11438
11504
11604
11678
11789
11844
11920
12038
12107
12225
12276
12381
12478
12559
12600
12689
12772
12815
12882
12914
12988
13018
13045
13060
13074
13082
13080
13089
13079
13100
13111
13060
13085
13073
13077
13032
13026
13006
12949
12927
12926
12890
12839
12828
12741
12716
12686
12613
12536
12476
12441
12308
12256
12178
12105
12050
11969
11947
11844
11781
11713
11644
11593
11470
11381
11354
11307
11187
11090
10989
10954
10901
10787
10721
10650
10639
10495
10510
10397
10402
10290
10300
10210
10111
10187
10117
10065
9949
9921
9909
9809
9747
9764
9661
9648
9623
9638
9643
9495
9580
9498
0
0
0
0
0
0
0
0
0
0
0
0
0
0
0
0
0
0
0
0
0
0
0
0
0
0
0
0
0
0
0
0
0
0
0
0
0
0
0
0
0
0
0
0
0
0
0
0
0
0
0
0
0
0
0
0
0
0
301.5446839 3.297930197 -0.0001662079439 0 0
