;Experimental Spectrum (Polarization=): Lot "fin_q128mib" (298); Slot #10; Wafer "??" [9/21/11 1:07:27 PM]; MS Site #1; Die #1, ColRow[0,0]; Region Measurement Point #1; Point: (-8154, -30394) - absolute; (3567, 40) - from die left-bottom corner; Focus Z: 4377 counts; MetrologyRecipe: "PROD\055\055PMD-TBOX4";
0
0
0
0
0
0
0
0
0
0
0
0
0
0
5190
5529
5823
6090
6319
6658
6961
7272
7506
7694
7733
7698
7598
7506
7413
7324
7229
7122
7051
7023
6991
7021
7061
7181
7308
7493
7701
7932
8178
8469
8733
9004
9289
9572
9837
10060
10258
10451
10639
10800
10926
11068
11192
11275
11313
11366
11409
11393
11394
11345
11305
11330
11225
11202
11135
11090
11009
10916
10872
10827
10767
10663
10647
10582
10523
10502
10496
10459
10458
10454
10399
10440
10515
10558
10613
10679
10752
10831
10931
10991
11115
11220
11306
11406
11515
11606
11659
11783
11835
11922
12033
12133
12224
12300
12387
12473
12557
12603
12685
12777
12823
12896
12911
12976
13030
13052
13059
13082
13093
13072
13082
13071
13099
13096
13085
13092
13087
13068
13052
13030
13007
12963
12935
12905
12886
12825
12821
12735
12740
12690
12624
12546
12463
12397
12326
12246
12142
12102
12033
11934
11946
11850
11749
11708
11651
11551
11464
11362
11286
11276
11155
11082
11017
10899
10859
10753
10697
10632
10568
10428
10478
10394
10351
10314
10250
10193
10195
10099
10108
9983
9901
9811
9857
9778
9699
9684
9664
9674
9616
9630
9598
9562
9629
9431
0
0
0
0
0
0
0
0
0
0
0
0
0
0
0
0
0
0
0
0
0
0
0
0
0
0
0
0
0
0
0
0
0
0
0
0
0
0
0
0
0
0
0
0
0
0
0
0
0
0
0
0
0
0
0
0
0
0
301.5446839 3.297930197 -0.0001662079439 0 0
