;Experimental Spectrum (Polarization=): Lot "fin_q122ncr" (297); Slot #10; Wafer "??" [9/21/11 12:27:51 PM]; MS Site #1; Die #5, ColRow[-3,1]; Region Measurement Point #1; Point: (-80503, 1689) - absolute; (3569, 37) - from die left-bottom corner; Focus Z: 4116 counts; MetrologyRecipe: "PROD\055\055PMD-TBOX4";
0
0
0
0
0
0
0
0
0
0
0
0
0
0
4820
5062
5408
5678
6016
6421
6811
7246
7626
7880
8019
8083
8078
8053
8001
7927
7817
7718
7590
7492
7399
7335
7300
7283
7316
7397
7527
7669
7837
8077
8287
8543
8808
9086
9354
9623
9838
10052
10263
10473
10667
10845
11031
11149
11262
11389
11467
11482
11497
11560
11528
11515
11481
11490
11398
11351
11323
11249
11177
11142
11085
10982
10932
10877
10756
10735
10703
10634
10616
10583
10517
10513
10522
10557
10610
10589
10657
10675
10725
10805
10891
10933
11039
11105
11161
11258
11333
11393
11491
11569
11643
11728
11829
11925
12013
12079
12156
12235
12305
12405
12437
12555
12587
12658
12716
12744
12794
12823
12830
12856
12864
12882
12902
12926
12898
12905
12925
12928
12922
12909
12886
12873
12855
12833
12824
12794
12784
12699
12719
12675
12639
12557
12486
12461
12371
12276
12219
12154
12115
12017
11958
11905
11829
11759
11693
11641
11508
11458
11409
11362
11276
11152
11119
11048
10968
10869
10834
10770
10650
10595
10512
10506
10428
10406
10305
10286
10174
10122
10011
10001
9954
9873
9877
9816
9705
9716
9724
9647
9597
9605
9569
9414
9607
9285
0
0
0
0
0
0
0
0
0
0
0
0
0
0
0
0
0
0
0
0
0
0
0
0
0
0
0
0
0
0
0
0
0
0
0
0
0
0
0
0
0
0
0
0
0
0
0
0
0
0
0
0
0
0
0
0
0
0
301.5446839 3.297930197 -0.0001662079439 0 0
