;Experimental Spectrum (Polarization=): Lot "fin_q128mib" (298); Slot #10; Wafer "??" [9/21/11 1:07:27 PM]; MS Site #1; Die #9, ColRow[4,-2]; Region Measurement Point #1; Point: (88002, -95149) - absolute; (3570, 61) - from die left-bottom corner; Focus Z: 2914 counts; MetrologyRecipe: "PROD\055\055PMD-TBOX4";
0
0
0
0
0
0
0
0
0
0
0
0
0
0
4387
4641
4891
5195
5492
5889
6309
6746
7105
7469
7669
7772
7840
7861
7889
7848
7791
7698
7585
7494
7388
7322
7237
7213
7192
7229
7306
7413
7555
7726
7918
8157
8380
8661
8917
9157
9393
9607
9843
10073
10272
10458
10642
10794
10954
11035
11180
11257
11299
11368
11391
11392
11403
11374
11327
11326
11289
11234
11197
11147
11063
10994
10930
10871
10806
10736
10693
10629
10606
10551
10511
10483
10488
10491
10484
10498
10524
10558
10608
10638
10693
10739
10812
10879
10960
11034
11090
11166
11233
11318
11407
11491
11586
11679
11785
11844
11932
12018
12096
12207
12271
12362
12406
12460
12529
12577
12633
12670
12707
12743
12773
12795
12834
12842
12876
12875
12890
12885
12899
12910
12907
12899
12871
12894
12865
12846
12843
12794
12781
12743
12692
12666
12590
12542
12485
12430
12365
12309
12280
12190
12151
12107
11989
11964
11883
11828
11730
11665
11565
11560
11477
11386
11324
11262
11186
11097
11012
10964
10893
10796
10745
10715
10640
10598
10491
10490
10428
10302
10310
10174
10128
10042
9991
9937
9892
9902
9796
9805
9711
9709
9696
9552
9558
9558
0
0
0
0
0
0
0
0
0
0
0
0
0
0
0
0
0
0
0
0
0
0
0
0
0
0
0
0
0
0
0
0
0
0
0
0
0
0
0
0
0
0
0
0
0
0
0
0
0
0
0
0
0
0
0
0
0
0
301.5446839 3.297930197 -0.0001662079439 0 0
