;Experimental Spectrum (Polarization=): Lot "fin_q122ncr" (297); Slot #10; Wafer "??" [9/21/11 12:27:51 PM]; MS Site #1; Die #14, ColRow[-4,2]; Region Measurement Point #1; Point: (-104534, 34094) - absolute; (3576, 54) - from die left-bottom corner; Focus Z: 3781 counts; MetrologyRecipe: "PROD\055\055PMD-TBOX4";
0
0
0
0
0
0
0
0
0
0
0
0
0
0
4270
4395
4585
4780
5092
5475
5912
6398
6876
7282
7585
7810
7978
8086
8169
8199
8211
8165
8090
7994
7874
7775
7674
7554
7476
7433
7439
7440
7490
7593
7705
7865
8051
8267
8503
8738
8952
9172
9419
9658
9888
10116
10368
10550
10729
10943
11074
11170
11283
11423
11472
11562
11580
11620
11601
11609
11602
11560
11537
11543
11486
11425
11360
11330
11201
11143
11081
11033
10959
10904
10813
10768
10747
10720
10729
10685
10660
10659
10648
10664
10707
10694
10762
10770
10806
10877
10902
10978
11022
11093
11171
11229
11319
11396
11483
11547
11645
11737
11801
11898
11962
12073
12127
12203
12285
12336
12398
12433
12485
12530
12569
12600
12650
12703
12695
12728
12746
12789
12805
12810
12830
12823
12824
12831
12857
12825
12826
12769
12793
12770
12762
12700
12656
12645
12567
12513
12464
12418
12382
12290
12266
12209
12168
12093
12031
12005
11870
11807
11790
11749
11686
11571
11520
11460
11375
11280
11228
11167
11090
10977
10921
10921
10817
10802
10688
10651
10610
10474
10422
10337
10323
10289
10180
10163
10065
10045
10013
9957
9950
9863
9764
9676
9783
9610
0
0
0
0
0
0
0
0
0
0
0
0
0
0
0
0
0
0
0
0
0
0
0
0
0
0
0
0
0
0
0
0
0
0
0
0
0
0
0
0
0
0
0
0
0
0
0
0
0
0
0
0
0
0
0
0
0
0
301.5446839 3.297930197 -0.0001662079439 0 0
