;Experimental Spectrum (Polarization=): Lot "fin_q122ncr" (297); Slot #10; Wafer "??" [9/21/11 12:27:51 PM]; MS Site #1; Die #7, ColRow[2,2]; Region Measurement Point #1; Point: (39677, 34090) - absolute; (3559, 51) - from die left-bottom corner; Focus Z: 4210 counts; MetrologyRecipe: "PROD\055\055PMD-TBOX4";
0
0
0
0
0
0
0
0
0
0
0
0
0
0
5088
5404
5707
5957
6278
6595
6909
7266
7533
7730
7782
7768
7720
7629
7536
7446
7333
7230
7135
7075
7019
7031
7078
7136
7263
7411
7613
7804
8040
8311
8567
8855
9123
9414
9687
9925
10110
10307
10496
10664
10824
10961
11100
11221
11264
11351
11419
11399
11379
11419
11345
11329
11280
11248
11193
11074
11049
10987
10932
10894
10840
10776
10714
10689
10635
10584
10548
10535
10520
10493
10478
10495
10552
10583
10650
10671
10723
10813
10914
10998
11104
11167
11263
11380
11415
11566
11635
11717
11806
11866
11984
12054
12162
12214
12298
12410
12468
12540
12618
12692
12730
12832
12885
12909
12941
12989
12992
13018
13004
13022
13015
13010
13032
13041
13030
13010
13028
12998
12995
12969
12961
12915
12884
12859
12845
12799
12781
12705
12675
12663
12584
12486
12424
12394
12274
12192
12133
12051
12010
11906
11879
11765
11719
11663
11617
11554
11412
11311
11308
11255
11179
11055
10974
10900
10867
10756
10690
10591
10578
10440
10432
10382
10373
10301
10212
10174
10149
10055
9973
9954
9977
9857
9800
9753
9707
9708
9676
9713
9570
9568
9582
9526
9569
9516
0
0
0
0
0
0
0
0
0
0
0
0
0
0
0
0
0
0
0
0
0
0
0
0
0
0
0
0
0
0
0
0
0
0
0
0
0
0
0
0
0
0
0
0
0
0
0
0
0
0
0
0
0
0
0
0
0
0
301.5446839 3.297930197 -0.0001662079439 0 0
