;Experimental Spectrum (Polarization=): Lot "fin_q128mib" (298); Slot #9; Wafer "??" [9/21/11 1:05:31 PM]; MS Site #1; Die #10, ColRow[2,-3]; Region Measurement Point #1; Point: (39932, -127649) - absolute; (3571, 43) - from die left-bottom corner; Focus Z: 2920 counts; MetrologyRecipe: "PROD\055\055PMD-TBOX4";
0
0
0
0
0
0
0
0
0
0
0
0
0
0
4425
4612
4871
5162
5459
5855
6268
6711
7129
7442
7682
7813
7909
7925
7941
7908
7836
7764
7662
7548
7445
7357
7287
7231
7208
7238
7299
7389
7523
7693
7889
8107
8334
8594
8851
9112
9321
9549
9785
10018
10242
10425
10630
10765
10900
11063
11149
11239
11296
11359
11394
11422
11406
11392
11390
11335
11319
11256
11218
11132
11122
10996
10941
10886
10800
10739
10701
10648
10587
10558
10503
10484
10464
10483
10470
10504
10510
10540
10602
10634
10688
10743
10787
10874
10907
10990
11065
11115
11183
11282
11373
11445
11539
11641
11717
11801
11910
11976
12054
12158
12214
12313
12379
12443
12503
12562
12592
12648
12693
12745
12757
12781
12835
12858
12854
12862
12890
12915
12900
12901
12917
12881
12895
12899
12893
12881
12843
12810
12802
12770
12717
12688
12616
12573
12524
12471
12374
12379
12308
12219
12170
12107
12025
12000
11905
11865
11765
11701
11645
11586
11552
11432
11372
11281
11271
11169
11062
11022
10921
10891
10831
10745
10646
10607
10543
10526
10392
10317
10288
10216
10164
10227
9984
9962
9913
9929
9808
9917
9782
9720
9631
9618
9691
9519
0
0
0
0
0
0
0
0
0
0
0
0
0
0
0
0
0
0
0
0
0
0
0
0
0
0
0
0
0
0
0
0
0
0
0
0
0
0
0
0
0
0
0
0
0
0
0
0
0
0
0
0
0
0
0
0
0
0
301.5446839 3.297930197 -0.0001662079439 0 0
