;Experimental Spectrum (Polarization=): Lot "fin_q128mib" (298); Slot #9; Wafer "??" [9/21/11 1:05:31 PM]; MS Site #1; Die #15, ColRow[-2,4]; Region Measurement Point #1; Point: (-56221, 99082) - absolute; (3570, 58) - from die left-bottom corner; Focus Z: 3508 counts; MetrologyRecipe: "PROD\055\055PMD-TBOX4";
0
0
0
0
0
0
0
0
0
0
0
0
0
0
4296
4318
4486
4664
4920
5301
5725
6212
6654
7083
7415
7664
7864
8004
8108
8169
8196
8191
8103
8042
7923
7816
7707
7594
7521
7469
7428
7433
7449
7526
7633
7771
7931
8131
8353
8559
8786
8982
9220
9463
9713
9932
10172
10376
10549
10763
10911
11071
11174
11261
11377
11449
11462
11577
11574
11586
11607
11569
11533
11545
11506
11438
11361
11327
11262
11189
11137
11058
11002
10908
10856
10813
10756
10728
10695
10658
10657
10645
10648
10644
10645
10698
10702
10743
10771
10787
10834
10880
10945
10990
11067
11124
11213
11278
11384
11445
11517
11591
11670
11776
11844
11942
12014
12050
12145
12206
12254
12310
12361
12430
12466
12522
12567
12596
12612
12647
12692
12714
12738
12733
12772
12766
12769
12802
12803
12802
12785
12792
12771
12755
12716
12670
12630
12621
12536
12513
12428
12408
12389
12314
12281
12234
12156
12135
12067
12038
11965
11843
11814
11771
11693
11597
11587
11442
11401
11350
11258
11230
11125
11034
10985
10938
10854
10832
10711
10666
10611
10569
10501
10435
10340
10324
10258
10142
10084
10042
10016
9992
9998
9914
9817
9886
9737
9661
0
0
0
0
0
0
0
0
0
0
0
0
0
0
0
0
0
0
0
0
0
0
0
0
0
0
0
0
0
0
0
0
0
0
0
0
0
0
0
0
0
0
0
0
0
0
0
0
0
0
0
0
0
0
0
0
0
0
301.5446839 3.297930197 -0.0001662079439 0 0
