;Experimental Spectrum (Polarization=): Lot "fin_q122ncr" (297); Slot #10; Wafer "??" [9/21/11 12:27:51 PM]; MS Site #1; Die #6, ColRow[-1,3]; Region Measurement Point #1; Point: (-32431, 66483) - absolute; (3565, 56) - from die left-bottom corner; Focus Z: 4039 counts; MetrologyRecipe: "PROD\055\055PMD-TBOX4";
0
0
0
0
0
0
0
0
0
0
0
0
0
0
5010
5351
5676
5897
6192
6544
6850
7245
7542
7687
7810
7774
7726
7673
7576
7494
7384
7267
7168
7105
7035
7030
7055
7104
7197
7344
7527
7703
7926
8209
8461
8730
8999
9267
9547
9783
9993
10159
10370
10542
10676
10836
10996
11088
11163
11233
11280
11298
11333
11301
11292
11305
11196
11186
11126
11022
10970
10930
10876
10838
10789
10696
10639
10613
10548
10488
10485
10458
10414
10419
10411
10424
10425
10496
10559
10581
10619
10717
10773
10878
10960
11043
11138
11224
11319
11421
11485
11580
11669
11730
11843
11901
12010
12102
12169
12268
12325
12411
12479
12548
12596
12677
12723
12769
12829
12842
12859
12892
12886
12892
12914
12913
12936
12937
12912
12922
12907
12913
12894
12864
12848
12834
12787
12770
12762
12721
12684
12627
12596
12559
12507
12414
12347
12269
12203
12140
12046
11955
11960
11839
11786
11727
11680
11594
11547
11485
11362
11238
11244
11191
11104
11000
10938
10838
10777
10687
10608
10590
10502
10412
10321
10365
10233
10205
10129
10058
10070
9977
9901
9887
9849
9750
9780
9703
9619
9593
9617
9548
9586
9580
9456
9430
9454
9266
0
0
0
0
0
0
0
0
0
0
0
0
0
0
0
0
0
0
0
0
0
0
0
0
0
0
0
0
0
0
0
0
0
0
0
0
0
0
0
0
0
0
0
0
0
0
0
0
0
0
0
0
0
0
0
0
0
0
301.5446839 3.297930197 -0.0001662079439 0 0
