;Experimental Spectrum (Polarization=): Lot "q125pap-fin" (295); Slot #9; Wafer "??" [9/21/11 4:21:19 AM]; MS Site #1; Die #8, ColRow[5,0]; Region Measurement Point #1; Point: (111825, -30688) - absolute; (3566, 60) - from die left-bottom corner; Focus Z: 3496 counts; MetrologyRecipe: "PROD\055\055PMD-TBOX4";
0
0
0
0
0
0
0
0
0
0
0
0
0
0
4301
4442
4679
4883
5222
5578
6062
6535
6988
7388
7687
7892
8034
8122
8211
8222
8216
8170
8077
8001
7879
7780
7665
7577
7511
7495
7503
7512
7593
7702
7848
8014
8218
8447
8682
8935
9157
9378
9633
9875
10104
10330
10562
10749
10914
11089
11235
11355
11424
11498
11627
11635
11598
11701
11662
11626
11645
11629
11600
11576
11521
11425
11375
11331
11257
11165
11102
11043
11003
10898
10826
10801
10785
10723
10718
10706
10701
10695
10717
10725
10764
10771
10823
10853
10893
10959
10985
11049
11142
11179
11282
11344
11437
11520
11617
11708
11786
11852
11955
12050
12114
12197
12265
12310
12413
12470
12513
12550
12622
12674
12697
12713
12763
12798
12816
12853
12887
12908
12912
12936
12956
12941
12954
12971
12933
12930
12918
12926
12887
12875
12836
12770
12717
12708
12637
12616
12520
12474
12432
12376
12334
12271
12229
12158
12079
12048
11956
11851
11822
11815
11689
11652
11505
11454
11419
11365
11240
11203
11086
11047
10980
10916
10830
10817
10700
10649
10572
10573
10426
10484
10380
10266
10252
10156
10122
10149
10038
10019
9935
9966
9877
9780
9755
9758
0
0
0
0
0
0
0
0
0
0
0
0
0
0
0
0
0
0
0
0
0
0
0
0
0
0
0
0
0
0
0
0
0
0
0
0
0
0
0
0
0
0
0
0
0
0
0
0
0
0
0
0
0
0
0
0
0
0
301.5446839 3.297930197 -0.0001662079439 0 0
