;Experimental Spectrum (Polarization=): Lot "q125pap-fin" (295); Slot #9; Wafer "??" [9/21/11 4:21:19 AM]; MS Site #1; Die #17, ColRow[4,2]; Region Measurement Point #1; Point: (87783, 34087) - absolute; (3562, 59) - from die left-bottom corner; Focus Z: 3807 counts; MetrologyRecipe: "PROD\055\055PMD-TBOX4";
0
0
0
0
0
0
0
0
0
0
0
0
0
0
4592
4893
5220
5475
5811
6220
6650
7098
7481
7812
8014
8088
8134
8108
8124
8054
7973
7866
7759
7652
7526
7449
7382
7351
7354
7403
7485
7591
7724
7915
8130
8360
8608
8878
9144
9394
9614
9831
10073
10295
10498
10684
10853
11019
11147
11268
11393
11468
11472
11550
11578
11585
11570
11601
11510
11485
11417
11419
11354
11312
11246
11167
11084
11051
10952
10892
10832
10792
10769
10685
10616
10603
10601
10586
10616
10604
10638
10671
10721
10761
10846
10880
10968
11022
11063
11168
11231
11308
11405
11446
11556
11624
11726
11809
11904
11966
12075
12125
12231
12300
12364
12443
12505
12563
12608
12666
12685
12734
12761
12784
12806
12821
12842
12861
12892
12877
12895
12907
12898
12905
12920
12866
12878
12876
12848
12832
12798
12780
12733
12739
12666
12588
12518
12508
12421
12362
12279
12214
12189
12125
12074
12004
11934
11893
11810
11753
11629
11547
11541
11491
11368
11310
11189
11155
11043
11006
10921
10832
10801
10727
10635
10607
10510
10463
10431
10331
10308
10223
10116
10128
10087
9990
10000
9900
9827
9805
9740
9767
9730
9717
9707
9635
9618
9551
0
0
0
0
0
0
0
0
0
0
0
0
0
0
0
0
0
0
0
0
0
0
0
0
0
0
0
0
0
0
0
0
0
0
0
0
0
0
0
0
0
0
0
0
0
0
0
0
0
0
0
0
0
0
0
0
0
0
301.5446839 3.297930197 -0.0001662079439 0 0
