;Experimental Spectrum (Polarization=): Lot "fin_q128mib" (298); Slot #10; Wafer "??" [9/21/11 1:07:27 PM]; MS Site #1; Die #11, ColRow[-2,-3]; Region Measurement Point #1; Point: (-56221, -127573) - absolute; (3575, 25) - from die left-bottom corner; Focus Z: 3163 counts; MetrologyRecipe: "PROD\055\055PMD-TBOX4";
0
0
0
0
0
0
0
0
0
0
0
0
0
0
4560
4829
5085
5408
5733
6182
6639
7140
7530
7888
8116
8273
8325
8351
8414
8378
8314
8197
8092
7982
7867
7767
7654
7606
7576
7584
7642
7726
7837
8017
8202
8408
8617
8883
9148
9391
9611
9814
10051
10305
10533
10714
10906
11064
11202
11315
11426
11518
11567
11614
11654
11714
11665
11645
11615
11614
11518
11511
11429
11358
11298
11200
11143
11066
10987
10909
10881
10799
10753
10717
10647
10620
10620
10612
10616
10595
10643
10665
10690
10700
10759
10819
10851
10922
10982
11067
11130
11177
11251
11340
11425
11505
11613
11711
11798
11875
11949
12051
12140
12229
12300
12408
12433
12496
12585
12641
12689
12728
12767
12800
12826
12872
12911
12909
12927
12915
12957
12956
12979
12968
12962
12963
12959
12941
12929
12935
12887
12866
12824
12828
12771
12729
12668
12625
12572
12515
12426
12411
12359
12257
12200
12149
12037
12022
11922
11860
11785
11709
11603
11629
11523
11459
11378
11306
11236
11154
11060
11053
10934
10847
10838
10729
10643
10622
10527
10517
10454
10283
10367
10181
10142
10071
9982
9930
9894
9870
9834
9825
9726
9656
9611
9681
9578
9441
0
0
0
0
0
0
0
0
0
0
0
0
0
0
0
0
0
0
0
0
0
0
0
0
0
0
0
0
0
0
0
0
0
0
0
0
0
0
0
0
0
0
0
0
0
0
0
0
0
0
0
0
0
0
0
0
0
0
301.5446839 3.297930197 -0.0001662079439 0 0
