;Experimental Spectrum (Polarization=): Lot "q125pap-fin" (295); Slot #10; Wafer "??" [9/21/11 4:22:53 AM]; MS Site #1; Die #17, ColRow[4,2]; Region Measurement Point #1; Point: (87798, 34488) - absolute; (3567, 53) - from die left-bottom corner; Focus Z: 3876 counts; MetrologyRecipe: "PROD\055\055PMD-TBOX4";
0
0
0
0
0
0
0
0
0
0
0
0
0
0
5021
5321
5633
5906
6241
6560
6945
7332
7632
7854
7951
7980
7912
7827
7768
7678
7571
7452
7372
7291
7222
7198
7192
7244
7324
7451
7627
7811
8025
8280
8510
8800
9054
9343
9614
9861
10062
10249
10479
10637
10814
10956
11108
11196
11325
11397
11437
11481
11485
11502
11457
11461
11439
11384
11303
11193
11183
11127
11132
11014
10978
10874
10854
10788
10735
10672
10619
10597
10599
10550
10524
10559
10570
10585
10632
10676
10723
10793
10859
10937
11026
11083
11204
11266
11345
11449
11505
11612
11712
11785
11873
11973
12066
12119
12220
12290
12390
12438
12534
12598
12646
12732
12793
12816
12864
12894
12903
12946
12955
12982
12975
12969
12992
13002
13004
13003
13008
12986
12973
12963
12966
12898
12893
12881
12860
12822
12783
12747
12704
12684
12592
12516
12442
12424
12320
12258
12160
12087
12058
11969
11934
11847
11766
11732
11690
11608
11483
11376
11353
11304
11216
11130
11046
10948
10884
10811
10734
10720
10644
10540
10466
10419
10355
10296
10276
10196
10148
10096
9992
9973
9959
9903
9871
9778
9716
9743
9674
9672
9557
9599
9585
9573
9657
9425
0
0
0
0
0
0
0
0
0
0
0
0
0
0
0
0
0
0
0
0
0
0
0
0
0
0
0
0
0
0
0
0
0
0
0
0
0
0
0
0
0
0
0
0
0
0
0
0
0
0
0
0
0
0
0
0
0
0
301.5446839 3.297930197 -0.0001662079439 0 0
