;Experimental Spectrum (Polarization=): Lot "q125pap-fin" (295); Slot #10; Wafer "??" [9/21/11 4:22:53 AM]; MS Site #1; Die #16, ColRow[2,4]; Region Measurement Point #1; Point: (39715, 99270) - absolute; (3560, 60) - from die left-bottom corner; Focus Z: 3430 counts; MetrologyRecipe: "PROD\055\055PMD-TBOX4";
0
0
0
0
0
0
0
0
0
0
0
0
0
0
4513
4770
5051
5327
5654
6021
6439
6841
7250
7526
7703
7829
7848
7835
7823
7763
7689
7596
7485
7399
7292
7222
7162
7147
7175
7233
7332
7444
7590
7798
8013
8255
8499
8765
9040
9290
9504
9706
9953
10155
10356
10526
10732
10843
10996
11131
11228
11288
11321
11375
11379
11394
11388
11361
11343
11242
11219
11233
11197
11094
11085
10976
10918
10866
10800
10723
10675
10651
10616
10545
10500
10490
10489
10484
10530
10511
10551
10618
10632
10701
10756
10809
10903
10960
11021
11100
11191
11259
11345
11449
11523
11596
11726
11769
11868
11927
12035
12100
12176
12261
12333
12414
12480
12525
12580
12625
12653
12694
12736
12766
12751
12793
12830
12839
12847
12881
12900
12845
12871
12866
12894
12846
12847
12842
12819
12795
12777
12744
12702
12677
12619
12543
12503
12489
12389
12324
12253
12186
12159
12073
12054
11982
11882
11844
11821
11745
11631
11535
11497
11448
11373
11254
11222
11123
11049
10991
10903
10871
10786
10726
10603
10554
10500
10459
10352
10321
10306
10247
10128
10153
10076
10041
9989
9893
9892
9806
9801
9740
9653
9690
9676
9637
9579
9474
0
0
0
0
0
0
0
0
0
0
0
0
0
0
0
0
0
0
0
0
0
0
0
0
0
0
0
0
0
0
0
0
0
0
0
0
0
0
0
0
0
0
0
0
0
0
0
0
0
0
0
0
0
0
0
0
0
0
301.5446839 3.297930197 -0.0001662079439 0 0
