;Experimental Spectrum (Polarization=): Lot "fin_q128mib" (298); Slot #9; Wafer "??" [9/21/11 1:05:31 PM]; MS Site #1; Die #6, ColRow[-1,3]; Region Measurement Point #1; Point: (-32193, 66678) - absolute; (3560, 42) - from die left-bottom corner; Focus Z: 3985 counts; MetrologyRecipe: "PROD\055\055PMD-TBOX4";
0
0
0
0
0
0
0
0
0
0
0
0
0
0
4725
4953
5279
5550
5870
6283
6679
7049
7444
7706
7881
7919
7954
7915
7873
7802
7712
7614
7487
7389
7290
7216
7202
7186
7226
7305
7408
7545
7738
7939
8170
8418
8682
8959
9228
9461
9690
9889
10108
10317
10520
10665
10868
11001
11109
11202
11305
11387
11435
11411
11427
11430
11389
11389
11388
11251
11270
11152
11138
11095
11029
10925
10878
10820
10747
10687
10646
10604
10577
10516
10492
10495
10475
10519
10530
10559
10586
10654
10702
10763
10831
10911
10964
11064
11151
11216
11265
11366
11430
11512
11619
11682
11796
11851
11966
12036
12120
12184
12249
12350
12423
12498
12573
12601
12664
12691
12732
12757
12799
12815
12832
12857
12861
12906
12886
12889
12905
12922
12908
12873
12879
12860
12813
12843
12816
12821
12751
12736
12697
12648
12623
12547
12471
12424
12349
12300
12192
12154
12112
12026
11964
11918
11844
11785
11732
11652
11571
11471
11435
11374
11301
11195
11148
11032
10974
10902
10828
10794
10726
10640
10551
10554
10448
10406
10343
10274
10165
10178
10116
10087
9990
9911
9968
9808
9760
9779
9784
9693
9757
9568
9589
9567
9486
9448
0
0
0
0
0
0
0
0
0
0
0
0
0
0
0
0
0
0
0
0
0
0
0
0
0
0
0
0
0
0
0
0
0
0
0
0
0
0
0
0
0
0
0
0
0
0
0
0
0
0
0
0
0
0
0
0
0
0
301.5446839 3.297930197 -0.0001662079439 0 0
