;Experimental Spectrum (Polarization=): Lot "q125pap-fin" (295); Slot #10; Wafer "??" [9/21/11 4:22:53 AM]; MS Site #1; Die #10, ColRow[2,-3]; Region Measurement Point #1; Point: (39731, -127455) - absolute; (3576, 50) - from die left-bottom corner; Focus Z: 2925 counts; MetrologyRecipe: "PROD\055\055PMD-TBOX4";
0
0
0
0
0
0
0
0
0
0
0
0
0
0
4558
4787
5064
5349
5677
6031
6481
6887
7297
7584
7795
7906
7962
7942
7950
7887
7833
7725
7619
7517
7430
7347
7284
7263
7254
7311
7403
7510
7676
7862
8055
8307
8546
8810
9078
9338
9545
9764
9985
10225
10420
10589
10777
10913
11051
11185
11250
11336
11388
11441
11427
11466
11437
11395
11375
11283
11271
11216
11208
11090
11082
10942
10915
10829
10753
10717
10664
10617
10588
10557
10499
10487
10479
10506
10486
10532
10549
10601
10640
10667
10736
10762
10880
10923
10981
11083
11153
11221
11294
11404
11464
11557
11652
11754
11839
11903
12016
12093
12163
12262
12314
12425
12481
12528
12591
12626
12674
12715
12764
12807
12809
12819
12867
12891
12869
12911
12911
12913
12892
12911
12924
12892
12898
12904
12885
12856
12804
12779
12758
12746
12676
12635
12575
12554
12474
12421
12327
12290
12231
12139
12117
12043
11953
11913
11850
11805
11690
11600
11487
11511
11444
11336
11280
11195
11142
11028
10952
10936
10801
10809
10698
10645
10565
10483
10433
10383
10291
10276
10155
10157
10133
10087
9936
9896
9896
9775
9737
9820
9698
9675
9567
9556
9623
9506
0
0
0
0
0
0
0
0
0
0
0
0
0
0
0
0
0
0
0
0
0
0
0
0
0
0
0
0
0
0
0
0
0
0
0
0
0
0
0
0
0
0
0
0
0
0
0
0
0
0
0
0
0
0
0
0
0
0
301.5446839 3.297930197 -0.0001662079439 0 0
