;Experimental Spectrum (Polarization=): Lot "fin_q122ncr" (297); Slot #10; Wafer "??" [9/21/11 12:27:51 PM]; MS Site #1; Die #13, ColRow[-5,0]; Region Measurement Point #1; Point: (-128569, -30701) - absolute; (3579, 35) - from die left-bottom corner; Focus Z: 3421 counts; MetrologyRecipe: "PROD\055\055PMD-TBOX4";
0
0
0
0
0
0
0
0
0
0
0
0
0
0
4456
4434
4510
4646
4878
5222
5628
6135
6637
7062
7439
7752
8003
8210
8376
8490
8565
8613
8576
8527
8425
8331
8228
8096
7974
7882
7826
7765
7747
7789
7810
7896
8003
8158
8334
8539
8726
8922
9147
9384
9622
9876
10138
10357
10539
10748
10932
11078
11252
11397
11458
11613
11668
11721
11747
11813
11768
11781
11785
11774
11705
11674
11656
11596
11491
11446
11397
11309
11256
11203
11082
11057
10996
10971
10935
10861
10822
10787
10775
10746
10744
10736
10752
10759
10751
10792
10820
10851
10870
10923
10977
11027
11116
11176
11249
11331
11417
11476
11559
11659
11713
11831
11883
11963
12037
12106
12164
12214
12274
12346
12395
12433
12486
12539
12555
12600
12641
12669
12704
12701
12731
12757
12765
12788
12837
12808
12816
12778
12796
12814
12777
12723
12705
12699
12648
12591
12569
12512
12503
12416
12398
12347
12293
12257
12174
12171
12052
11989
11950
11967
11885
11772
11714
11665
11608
11458
11448
11391
11320
11177
11122
11147
10998
10989
10869
10885
10813
10716
10641
10524
10502
10427
10320
10315
10230
10155
10152
10077
10049
9981
9887
9826
9916
9746
0
0
0
0
0
0
0
0
0
0
0
0
0
0
0
0
0
0
0
0
0
0
0
0
0
0
0
0
0
0
0
0
0
0
0
0
0
0
0
0
0
0
0
0
0
0
0
0
0
0
0
0
0
0
0
0
0
0
301.5446839 3.297930197 -0.0001662079439 0 0
