;Experimental Spectrum (Polarization=): Lot "fin_q128mib" (298); Slot #10; Wafer "??" [9/21/11 1:07:27 PM]; MS Site #1; Die #13, ColRow[-5,0]; Region Measurement Point #1; Point: (-128329, -30401) - absolute; (3581, 34) - from die left-bottom corner; Focus Z: 3395 counts; MetrologyRecipe: "PROD\055\055PMD-TBOX4";
0
0
0
0
0
0
0
0
0
0
0
0
0
0
4330
4594
4802
5075
5364
5787
6217
6664
7130
7482
7744
7923
8015
8084
8143
8135
8098
8010
7922
7820
7699
7603
7492
7431
7374
7372
7404
7472
7568
7718
7868
8072
8281
8534
8787
9024
9248
9475
9696
9942
10181
10387
10603
10758
10923
11036
11194
11247
11376
11454
11481
11518
11551
11563
11521
11540
11502
11428
11390
11344
11281
11192
11150
11082
11007
10938
10878
10824
10785
10703
10651
10621
10619
10591
10598
10565
10604
10588
10644
10617
10687
10747
10801
10836
10890
10949
10996
11086
11113
11216
11300
11380
11464
11573
11663
11723
11820
11907
11995
12115
12151
12267
12296
12370
12460
12501
12553
12583
12647
12694
12736
12769
12798
12821
12846
12864
12879
12897
12920
12904
12910
12907
12908
12907
12895
12878
12883
12853
12840
12811
12755
12712
12657
12613
12569
12507
12432
12386
12373
12290
12251
12187
12098
12059
11973
11933
11831
11763
11683
11713
11573
11500
11463
11369
11321
11172
11140
11071
11020
10885
10838
10837
10728
10685
10581
10560
10557
10376
10404
10256
10185
10149
10061
10074
9932
9915
9892
9887
9831
9749
9627
9619
9566
9542
0
0
0
0
0
0
0
0
0
0
0
0
0
0
0
0
0
0
0
0
0
0
0
0
0
0
0
0
0
0
0
0
0
0
0
0
0
0
0
0
0
0
0
0
0
0
0
0
0
0
0
0
0
0
0
0
0
0
301.5446839 3.297930197 -0.0001662079439 0 0
