;Experimental Spectrum (Polarization=): Lot "q125pap-fin" (295); Slot #10; Wafer "??" [9/21/11 4:22:53 AM]; MS Site #1; Die #14, ColRow[-4,2]; Region Measurement Point #1; Point: (-104493, 34485) - absolute; (3580, 50) - from die left-bottom corner; Focus Z: 3801 counts; MetrologyRecipe: "PROD\055\055PMD-TBOX4";
0
0
0
0
0
0
0
0
0
0
0
0
0
0
4329
4496
4714
4979
5287
5670
6099
6554
7037
7408
7672
7877
8006
8074
8125
8138
8120
8055
7970
7882
7770
7658
7555
7481
7420
7405
7405
7468
7555
7692
7823
8024
8205
8453
8706
8949
9158
9387
9642
9878
10103
10310
10536
10710
10915
11077
11201
11304
11432
11511
11506
11589
11568
11624
11592
11571
11595
11514
11540
11455
11421
11335
11299
11243
11127
11083
11030
10963
10910
10835
10780
10743
10699
10689
10666
10659
10668
10681
10659
10693
10716
10754
10831
10836
10899
10971
10997
11072
11135
11227
11290
11351
11455
11516
11610
11675
11780
11853
11918
12037
12100
12213
12263
12326
12405
12443
12509
12544
12610
12645
12674
12704
12748
12792
12785
12817
12844
12830
12861
12863
12890
12880
12875
12891
12885
12871
12833
12819
12809
12790
12754
12696
12640
12643
12562
12515
12431
12375
12346
12263
12247
12167
12123
12087
12018
11968
11828
11795
11713
11675
11616
11501
11456
11383
11320
11226
11168
11128
11044
10955
10871
10833
10755
10719
10651
10549
10500
10480
10331
10313
10276
10221
10153
10086
10046
9969
9923
9875
9810
9821
9799
9683
9694
9579
0
0
0
0
0
0
0
0
0
0
0
0
0
0
0
0
0
0
0
0
0
0
0
0
0
0
0
0
0
0
0
0
0
0
0
0
0
0
0
0
0
0
0
0
0
0
0
0
0
0
0
0
0
0
0
0
0
0
301.5446839 3.297930197 -0.0001662079439 0 0
