;Experimental Spectrum (Polarization=): Lot "fin_q122ncr" (297); Slot #10; Wafer "??" [9/21/11 12:27:51 PM]; MS Site #1; Die #8, ColRow[5,0]; Region Measurement Point #1; Point: (111795, -30682) - absolute; (3563, 55) - from die left-bottom corner; Focus Z: 3505 counts; MetrologyRecipe: "PROD\055\055PMD-TBOX4";
0
0
0
0
0
0
0
0
0
0
0
0
0
0
4312
4532
4749
5026
5298
5727
6170
6609
7100
7446
7712
7913
8015
8109
8135
8141
8113
8038
7935
7854
7727
7627
7547
7460
7408
7411
7454
7492
7601
7747
7890
8078
8312
8550
8802
9056
9290
9506
9747
9994
10211
10432
10666
10834
10968
11158
11283
11362
11428
11523
11547
11610
11601
11636
11603
11550
11559
11518
11510
11488
11398
11328
11266
11255
11134
11042
11000
10936
10870
10837
10739
10705
10700
10688
10700
10662
10663
10688
10702
10711
10778
10797
10849
10902
10945
11027
11076
11132
11212
11282
11362
11433
11528
11594
11693
11789
11862
11957
12018
12128
12188
12284
12333
12404
12488
12544
12572
12628
12677
12701
12738
12755
12805
12858
12851
12881
12898
12922
12927
12942
12941
12950
12941
12941
12968
12936
12944
12866
12880
12848
12820
12750
12688
12687
12617
12558
12499
12439
12406
12299
12275
12209
12156
12090
12023
11978
11876
11773
11767
11737
11664
11554
11466
11397
11362
11271
11212
11120
11005
10964
10845
10856
10795
10759
10656
10617
10496
10470
10413
10373
10311
10207
10169
10107
10075
10081
10050
9931
9889
9858
9782
9660
9886
9641
0
0
0
0
0
0
0
0
0
0
0
0
0
0
0
0
0
0
0
0
0
0
0
0
0
0
0
0
0
0
0
0
0
0
0
0
0
0
0
0
0
0
0
0
0
0
0
0
0
0
0
0
0
0
0
0
0
0
301.5446839 3.297930197 -0.0001662079439 0 0
