;Experimental Spectrum (Polarization=): Lot "fin_q128mib" (298); Slot #9; Wafer "??" [9/21/11 1:05:31 PM]; MS Site #1; Die #4, ColRow[-2,-1]; Region Measurement Point #1; Point: (-56228, -62901) - absolute; (3563, 16) - from die left-bottom corner; Focus Z: 3834 counts; MetrologyRecipe: "PROD\055\055PMD-TBOX4";
0
0
0
0
0
0
0
0
0
0
0
0
0
0
4855
5130
5443
5726
6044
6442
6856
7224
7560
7833
7980
8010
8019
7973
7897
7820
7708
7621
7499
7402
7314
7267
7257
7276
7308
7423
7545
7718
7913
8147
8380
8642
8905
9177
9464
9701
9917
10115
10326
10552
10743
10899
11040
11181
11259
11381
11449
11495
11485
11464
11494
11498
11443
11413
11348
11263
11277
11140
11101
11030
11017
10908
10823
10773
10715
10636
10611
10565
10535
10514
10465
10462
10503
10505
10537
10571
10611
10674
10752
10800
10900
10962
11019
11129
11200
11292
11366
11431
11498
11617
11685
11780
11878
11949
12065
12121
12223
12276
12335
12446
12508
12587
12650
12684
12736
12783
12808
12831
12870
12910
12900
12921
12940
12965
12954
12940
12948
12962
12935
12929
12924
12879
12874
12860
12852
12814
12802
12741
12734
12693
12621
12567
12483
12445
12347
12305
12222
12177
12112
12040
11967
11898
11837
11786
11702
11649
11559
11472
11391
11382
11272
11182
11110
11034
11001
10884
10846
10770
10701
10639
10582
10504
10448
10394
10315
10279
10181
10143
10108
10048
9957
9926
9860
9828
9769
9781
9775
9703
9668
9527
9588
9510
9546
9508
0
0
0
0
0
0
0
0
0
0
0
0
0
0
0
0
0
0
0
0
0
0
0
0
0
0
0
0
0
0
0
0
0
0
0
0
0
0
0
0
0
0
0
0
0
0
0
0
0
0
0
0
0
0
0
0
0
0
301.5446839 3.297930197 -0.0001662079439 0 0
