;Experimental Spectrum (Polarization=): Lot "q125pap-fin" (295); Slot #9; Wafer "??" [9/21/11 4:21:19 AM]; MS Site #1; Die #6, ColRow[-1,3]; Region Measurement Point #1; Point: (-32405, 66468) - absolute; (3564, 52) - from die left-bottom corner; Focus Z: 4040 counts; MetrologyRecipe: "PROD\055\055PMD-TBOX4";
0
0
0
0
0
0
0
0
0
0
0
0
0
0
4721
5077
5390
5674
5985
6339
6745
7145
7493
7740
7885
7930
7929
7880
7846
7759
7658
7558
7440
7361
7259
7214
7171
7193
7231
7325
7460
7611
7791
8004
8247
8507
8759
9042
9301
9562
9771
9961
10195
10402
10587
10725
10919
11047
11162
11263
11338
11381
11442
11436
11467
11453
11352
11401
11327
11252
11213
11173
11098
11056
10993
10914
10839
10793
10718
10662
10628
10600
10570
10517
10488
10491
10489
10506
10551
10578
10599
10672
10712
10780
10879
10926
11024
11091
11194
11278
11315
11404
11508
11561
11675
11737
11844
11943
12019
12115
12182
12254
12338
12429
12478
12543
12605
12662
12723
12750
12793
12810
12836
12854
12875
12875
12885
12912
12896
12917
12918
12933
12911
12893
12891
12889
12835
12856
12779
12785
12725
12713
12660
12649
12589
12495
12452
12395
12318
12269
12167
12115
12048
11994
11927
11889
11822
11719
11655
11615
11515
11404
11396
11345
11231
11145
11075
11010
10919
10887
10768
10732
10679
10575
10520
10506
10375
10391
10271
10212
10170
10140
10028
10042
9956
9851
9945
9750
9727
9790
9652
9610
9707
9626
9573
9584
9482
9409
0
0
0
0
0
0
0
0
0
0
0
0
0
0
0
0
0
0
0
0
0
0
0
0
0
0
0
0
0
0
0
0
0
0
0
0
0
0
0
0
0
0
0
0
0
0
0
0
0
0
0
0
0
0
0
0
0
0
301.5446839 3.297930197 -0.0001662079439 0 0
