;Experimental Spectrum (Polarization=): Lot "q125pap-fin" (295); Slot #10; Wafer "??" [9/21/11 4:22:53 AM]; MS Site #1; Die #2, ColRow[3,0]; Region Measurement Point #1; Point: (63771, -30299) - absolute; (3578, 42) - from die left-bottom corner; Focus Z: 4019 counts; MetrologyRecipe: "PROD\055\055PMD-TBOX4";
0
0
0
0
0
0
0
0
0
0
0
0
0
0
5497
5846
6150
6410
6665
6924
7193
7466
7714
7816
7841
7792
7672
7544
7466
7354
7250
7164
7117
7110
7118
7170
7264
7396
7561
7791
8012
8256
8505
8806
9073
9359
9619
9900
10125
10351
10526
10689
10851
10992
11093
11210
11320
11350
11393
11452
11424
11390
11388
11327
11302
11227
11183
11068
11012
10922
10868
10823
10764
10687
10678
10576
10555
10516
10467
10441
10440
10436
10451
10449
10446
10489
10549
10625
10683
10744
10848
10932
11013
11111
11216
11307
11442
11521
11604
11704
11799
11900
11985
12078
12154
12240
12333
12391
12494
12540
12613
12676
12749
12816
12844
12907
12939
12969
13034
13035
13032
13030
13056
13050
13033
13025
13025
13023
12986
12992
12977
12954
12896
12870
12862
12820
12794
12772
12742
12674
12612
12573
12519
12491
12397
12307
12232
12208
12102
12057
11922
11858
11818
11721
11673
11594
11529
11437
11429
11330
11202
11104
11037
11021
10917
10829
10778
10684
10600
10535
10472
10448
10390
10279
10229
10178
10157
10054
10005
9993
9902
9928
9814
9834
9729
9708
9686
9555
9544
9558
9545
9446
9419
9405
9486
9432
9335
9385
0
0
0
0
0
0
0
0
0
0
0
0
0
0
0
0
0
0
0
0
0
0
0
0
0
0
0
0
0
0
0
0
0
0
0
0
0
0
0
0
0
0
0
0
0
0
0
0
0
0
0
0
0
0
0
0
0
0
301.5446839 3.297930197 -0.0001662079439 0 0
