;Experimental Spectrum (Polarization=): Lot "fin_q128mib" (298); Slot #10; Wafer "??" [9/21/11 1:07:27 PM]; MS Site #1; Die #16, ColRow[2,4]; Region Measurement Point #1; Point: (39912, 99184) - absolute; (3556, 66) - from die left-bottom corner; Focus Z: 3391 counts; MetrologyRecipe: "PROD\055\055PMD-TBOX4";
0
0
0
0
0
0
0
0
0
0
0
0
0
0
4443
4635
4905
5209
5476
5869
6342
6761
7142
7504
7693
7809
7865
7907
7901
7873
7821
7727
7607
7506
7395
7305
7236
7201
7203
7217
7284
7389
7519
7707
7894
8119
8350
8617
8892
9122
9357
9562
9804
10026
10222
10426
10625
10751
10901
11027
11171
11248
11337
11379
11384
11422
11441
11443
11416
11357
11300
11318
11303
11217
11150
11084
11008
10975
10894
10810
10751
10712
10675
10595
10534
10516
10531
10530
10516
10500
10528
10583
10608
10646
10721
10773
10834
10878
10963
11018
11089
11156
11222
11314
11391
11488
11591
11668
11753
11828
11915
11992
12087
12163
12250
12312
12387
12412
12477
12544
12573
12614
12637
12684
12688
12751
12780
12789
12813
12825
12860
12827
12845
12864
12872
12848
12834
12827
12811
12795
12795
12749
12726
12704
12633
12569
12542
12491
12435
12351
12285
12249
12210
12131
12092
12038
11947
11917
11859
11779
11680
11616
11560
11547
11433
11339
11294
11206
11134
11078
10942
10936
10847
10736
10679
10663
10584
10557
10469
10405
10469
10272
10272
10158
10121
10053
10032
9924
9862
9880
9810
9854
9659
9742
9707
9661
9631
9443
0
0
0
0
0
0
0
0
0
0
0
0
0
0
0
0
0
0
0
0
0
0
0
0
0
0
0
0
0
0
0
0
0
0
0
0
0
0
0
0
0
0
0
0
0
0
0
0
0
0
0
0
0
0
0
0
0
0
301.5446839 3.297930197 -0.0001662079439 0 0
