;Experimental Spectrum (Polarization=): Lot "fin_q128mib" (298); Slot #9; Wafer "??" [9/21/11 1:05:31 PM]; MS Site #1; Die #17, ColRow[4,2]; Region Measurement Point #1; Point: (87996, 34295) - absolute; (3559, 47) - from die left-bottom corner; Focus Z: 3755 counts; MetrologyRecipe: "PROD\055\055PMD-TBOX4";
0
0
0
0
0
0
0
0
0
0
0
0
0
0
4596
4792
5090
5373
5716
6157
6600
7035
7410
7774
7992
8055
8143
8162
8141
8090
8026
7934
7814
7706
7568
7490
7414
7363
7361
7404
7468
7561
7706
7881
8094
8311
8527
8818
9092
9326
9558
9762
10009
10222
10445
10642
10816
10993
11107
11246
11366
11437
11464
11506
11576
11595
11582
11594
11558
11470
11521
11418
11402
11340
11285
11202
11136
11054
11001
10909
10866
10812
10765
10694
10652
10628
10615
10604
10617
10636
10628
10663
10723
10762
10817
10900
10936
11008
11060
11133
11197
11264
11362
11408
11507
11582
11690
11748
11857
11932
12020
12067
12162
12244
12331
12412
12477
12518
12578
12625
12658
12699
12733
12767
12770
12832
12846
12856
12886
12878
12896
12912
12915
12908
12905
12872
12876
12858
12848
12846
12836
12788
12759
12742
12700
12622
12553
12526
12453
12390
12307
12266
12220
12163
12104
12029
11956
11926
11867
11779
11700
11618
11584
11530
11431
11354
11260
11151
11112
11064
10963
10920
10817
10784
10717
10619
10555
10497
10467
10368
10337
10262
10216
10129
10136
10041
10004
9912
9785
9874
9796
9808
9743
9710
9693
9686
9643
9519
0
0
0
0
0
0
0
0
0
0
0
0
0
0
0
0
0
0
0
0
0
0
0
0
0
0
0
0
0
0
0
0
0
0
0
0
0
0
0
0
0
0
0
0
0
0
0
0
0
0
0
0
0
0
0
0
0
0
301.5446839 3.297930197 -0.0001662079439 0 0
