STM Crolles data; Norm= 32020
nm
uR 350.97624 0.0 0.192067458 0.01
uR 354.269018 0.0 0.200187383 0.01
uR 357.561463 0.0 0.203685197 0.01
uR 360.853576 0.0 0.206308557 0.01
uR 364.145357 0.0 0.20971268 0.01
uR 367.436805 0.0 0.210743285 0.01
uR 370.72792 0.0 0.213210493 0.01
uR 374.018704 0.0 0.217676452 0.01
uR 377.309154 0.0 0.216427233 0.01
uR 380.599273 0.0 0.217645222 0.01
uR 383.889059 0.0 0.214678326 0.01
uR 387.178512 0.0 0.210587133 0.01
uR 390.467634 0.0 0.206870706 0.01
uR 393.756422 0.0 0.205434104 0.01
uR 397.044879 0.0 0.20324797 0.01
uR 400.333003 0.0 0.203653966 0.01
uR 403.620794 0.0 0.205277951 0.01
uR 406.908253 0.0 0.20715178 0.01
uR 410.19538 0.0 0.211274204 0.01
uR 413.482174 0.0 0.215865084 0.01
uR 416.768636 0.0 0.221736415 0.01
uR 420.054765 0.0 0.228950656 0.01
uR 423.340563 0.0 0.237788882 0.01
uR 426.626027 0.0 0.245721424 0.01
uR 429.911159 0.0 0.254996877 0.01
uR 433.195959 0.0 0.26430356 0.01
uR 436.480426 0.0 0.27339163 0.01
uR 439.764561 0.0 0.281449094 0.01
uR 443.048364 0.0 0.290630856 0.01
uR 446.331834 0.0 0.299063086 0.01
uR 449.614972 0.0 0.306714553 0.01
uR 452.897777 0.0 0.313116802 0.01
uR 456.18025 0.0 0.32011243 0.01
uR 459.46239 0.0 0.325546533 0.01
uR 462.744198 0.0 0.330043723 0.01
uR 466.025674 0.0 0.334697064 0.01
uR 469.306817 0.0 0.337445347 0.01
uR 472.587628 0.0 0.339475328 0.01
uR 475.868106 0.0 0.341036852 0.01
uR 479.148252 0.0 0.342785759 0.01
uR 482.428066 0.0 0.343129294 0.01
uR 485.707547 0.0 0.343098064 0.01
uR 488.986696 0.0 0.342754528 0.01
uR 492.265512 0.0 0.342036227 0.01
uR 495.543996 0.0 0.340818239 0.01
uR 498.822147 0.0 0.339662711 0.01
uR 502.099966 0.0 0.337164272 0.01
uR 505.377453 0.0 0.336164897 0.01
uR 508.654607 0.0 0.333229232 0.01
uR 511.931429 0.0 0.330637102 0.01
uR 515.207918 0.0 0.329325422 0.01
uR 518.484075 0.0 0.327389132 0.01
uR 521.7599 0.0 0.324640849 0.01
uR 525.035392 0.0 0.321299188 0.01
uR 528.310551 0.0 0.319737664 0.01
uR 531.585379 0.0 0.318675828 0.01
uR 534.859874 0.0 0.316614616 0.01
uR 538.134036 0.0 0.316926921 0.01
uR 541.407866 0.0 0.315302936 0.01
uR 544.681364 0.0 0.313897564 0.01
uR 547.954529 0.0 0.314615865 0.01
uR 551.227362 0.0 0.314459713 0.01
uR 554.499862 0.0 0.315084322 0.01
uR 557.77203 0.0 0.316114928 0.01
uR 561.043866 0.0 0.317176765 0.01
uR 564.315369 0.0 0.318769519 0.01
uR 567.58654 0.0 0.320674578 0.01
uR 570.857378 0.0 0.322298563 0.01
uR 574.127884 0.0 0.325765147 0.01
uR 577.398057 0.0 0.329169269 0.01
uR 580.667898 0.0 0.330918176 0.01
uR 583.937407 0.0 0.3350406 0.01
uR 587.206583 0.0 0.33894441 0.01
uR 590.475427 0.0 0.343129294 0.01
uR 593.743938 0.0 0.346221112 0.01
uR 597.012117 0.0 0.350249844 0.01
uR 600.279964 0.0 0.354028732 0.01
uR 603.547478 0.0 0.358744535 0.01
uR 606.81466 0.0 0.361773891 0.01
uR 610.081509 0.0 0.365896315 0.01
uR 613.348026 0.0 0.369862586 0.01
uR 616.61421 0.0 0.372923173 0.01
uR 619.880062 0.0 0.377701437 0.01
uR 623.145582 0.0 0.380012492 0.01
uR 626.410769 0.0 0.383603998 0.01
uR 629.675624 0.0 0.38638351 0.01
uR 632.940147 0.0 0.388569644 0.01
uR 636.204337 0.0 0.391036852 0.01
uR 639.468194 0.0 0.39353529 0.01
uR 642.731719 0.0 0.395534041 0.01
uR 645.994912 0.0 0.397813866 0.01
uR 649.257772 0.0 0.400687071 0.01
uR 652.5203 0.0 0.402810743 0.01
uR 655.782496 0.0 0.404184884 0.01
uR 659.044359 0.0 0.406901936 0.01
uR 662.305889 0.0 0.407901312 0.01
uR 665.567088 0.0 0.409494066 0.01
uR 668.827954 0.0 0.410337289 0.01
uR 672.088487 0.0 0.411773891 0.01
uR 675.348688 0.0 0.41364772 0.01
uR 678.608556 0.0 0.41427233 0.01
uR 681.868093 0.0 0.41296065 0.01
uR 685.127296 0.0 0.413678951 0.01
uR 688.386168 0.0 0.413835103 0.01
uR 691.644707 0.0 0.414865709 0.01
uR 694.902913 0.0 0.414147408 0.01
uR 698.160787 0.0 0.413991255 0.01
uR 701.418329 0.0 0.413991255 0.01
uR 704.675538 0.0 0.412835728 0.01
uR 707.932415 0.0 0.412117427 0.01
uR 711.188959 0.0 0.410805746 0.01
uR 714.445171 0.0 0.41036852 0.01
uR 717.701051 0.0 0.409056839 0.01
uR 720.956598 0.0 0.408213616 0.01
uR 724.211813 0.0 0.40646471 0.01
uR 727.466695 0.0 0.404996877 0.01
uR 730.721245 0.0 0.403466583 0.01
uR 733.975463 0.0 0.40131168 0.01
uR 737.229348 0.0 0.400718301 0.01
uR 740.4829 0.0 0.399750156 0.01
uR 743.736121 0.0 0.398313554 0.01
uR 746.989009 0.0 0.395815116 0.01
uR 750.241564 0.0 0.394378513 0.01
uR 753.493787 0.0 0.392129919 0.01
uR 756.745678 0.0 0.391224235 0.01
uR 759.997236 0.0 0.388444722 0.01
uR 763.248462 0.0 0.387289194 0.01
uR 766.499355 0.0 0.384041224 0.01
uR 769.749916 0.0 0.383073079 0.01
uR 773.000144 0.0 0.38054341 0.01
uR 776.25004 0.0 0.37726421 0.01
uR 779.499604 0.0 0.375827608 0.01
uR 782.748835 0.0 0.372829482 0.01
uR 785.997734 0.0 0.37014366 0.01
uR 789.246301 0.0 0.368675828 0.01
uR 792.494535 0.0 0.36558401 0.01
uR 795.742436 0.0 0.362242349 0.01
uR 798.990006 0.0 0.360493442 0.01
uR 802.237242 0.0 0.357557776 0.01
uR 805.484147 0.0 0.356058713 0.01
uR 808.730719 0.0 0.353591505 0.01
uR 811.976958 0.0 0.351093067 0.01
uR 815.222865 0.0 0.349031855 0.01
uR 818.46844 0.0 0.34675203 0.01
uR 821.713682 0.0 0.344597127 0.01
uR 824.958592 0.0 0.342629606 0.01
uR 828.20317 0.0 0.340006246 0.01
uR 831.447415 0.0 0.338194878 0.01
uR 834.691327 0.0 0.33569644 0.01
uR 837.934907 0.0 0.334166146 0.01
uR 841.178155 0.0 0.331105559 0.01
uR 844.42107 0.0 0.329419113 0.01
uR 847.663653 0.0 0.327638976 0.01
uR 850.905904 0.0 0.325452842 0.01
uR 854.147822 0.0 0.323422861 0.01
uR 857.389408 0.0 0.321642723 0.01
uR 860.630661 0.0 0.319550281 0.01
uR 863.871582 0.0 0.317832605 0.01
uR 867.11217 0.0 0.318238601 0.01
uR 870.352426 0.0 0.315115553 0.01
uR 873.59235 0.0 0.314084947 0.01
uR 876.831941 0.0 0.311586508 0.01
uR 880.0712 0.0 0.311430356 0.01
uR 883.310126 0.0 0.309369144 0.01
uR 886.54872 0.0 0.307401624 0.01
uR 889.786982 0.0 0.30843223 0.01
uR 893.024911 0.0 0.305465334 0.01
uR 896.262508 0.0 0.30387258 0.01
uR 899.499772 0.0 0.304403498 0.01
uR 902.736704 0.0 0.303091818 0.01
uR 905.973303 0.0 0.30259213 0.01
uR 909.209571 0.0 0.301592755 0.01
uR 912.445505 0.0 0.301342911 0.01
uR 915.681107 0.0 0.299875078 0.01
uR 918.916377 0.0 0.300405996 0.01
uR 922.151315 0.0 0.295596502 0.01
uR 925.38592 0.0 0.295783885 0.01
uR 928.620192 0.0 0.295003123 0.01
uR 931.854132 0.0 0.291755153 0.01
uR 935.08774 0.0 0.298469706 0.01
uR 938.321015 0.0 0.294971893 0.01
uR 941.553958 0.0 0.29353529 0.01
uR 944.786569 0.0 0.29350406 0.01
uR 948.018847 0.0 0.294440974 0.01
