;Experimental Spectrum (Polarization=): Lot "fin_q122ncr" (297); Slot #10; Wafer "??" [9/21/11 12:27:51 PM]; MS Site #1; Die #17, ColRow[4,2]; Region Measurement Point #1; Point: (87759, 34096) - absolute; (3565, 57) - from die left-bottom corner; Focus Z: 3882 counts; MetrologyRecipe: "PROD\055\055PMD-TBOX4";
0
0
0
0
0
0
0
0
0
0
0
0
0
0
4774
5110
5387
5678
6016
6416
6810
7247
7613
7867
8030
8082
8093
8055
8003
7932
7841
7725
7609
7497
7401
7339
7311
7286
7329
7412
7536
7667
7844
8085
8306
8554
8814
9082
9357
9607
9831
10033
10267
10457
10636
10824
11006
11121
11234
11342
11444
11451
11497
11538
11491
11543
11548
11511
11428
11360
11334
11279
11219
11194
11104
11015
10972
10941
10826
10789
10738
10698
10643
10620
10552
10554
10570
10590
10630
10626
10664
10717
10786
10836
10913
10985
11075
11119
11187
11307
11370
11457
11533
11599
11705
11776
11879
11950
12049
12131
12212
12297
12369
12447
12508
12586
12632
12689
12744
12793
12803
12855
12846
12878
12891
12903
12934
12932
12957
12926
12955
12946
12949
12931
12929
12890
12877
12867
12860
12827
12825
12749
12731
12718
12656
12560
12501
12487
12389
12299
12240
12191
12152
12052
12014
11935
11851
11807
11761
11685
11557
11471
11479
11419
11325
11220
11138
11066
11005
10897
10830
10792
10698
10593
10559
10531
10468
10401
10358
10281
10232
10176
10083
10017
10013
9888
9889
9840
9716
9805
9726
9735
9613
9572
9634
9570
9714
9483
0
0
0
0
0
0
0
0
0
0
0
0
0
0
0
0
0
0
0
0
0
0
0
0
0
0
0
0
0
0
0
0
0
0
0
0
0
0
0
0
0
0
0
0
0
0
0
0
0
0
0
0
0
0
0
0
0
0
301.5446839 3.297930197 -0.0001662079439 0 0
