;Experimental Spectrum (Polarization=): Lot "fin_q128mib" (298); Slot #9; Wafer "??" [9/21/11 1:05:31 PM]; MS Site #1; Die #3, ColRow[1,-2]; Region Measurement Point #1; Point: (15905, -95286) - absolute; (3582, 18) - from die left-bottom corner; Focus Z: 3495 counts; MetrologyRecipe: "PROD\055\055PMD-TBOX4";
0
0
0
0
0
0
0
0
0
0
0
0
0
0
4748
5042
5328
5605
5926
6368
6788
7172
7549
7848
8023
8062
8108
8068
8037
7953
7866
7757
7656
7542
7442
7390
7347
7327
7364
7434
7545
7695
7863
8075
8306
8559
8814
9072
9360
9598
9812
10017
10248
10463
10662
10825
10989
11120
11214
11321
11392
11433
11454
11446
11507
11495
11427
11395
11375
11289
11321
11206
11141
11113
11034
10937
10870
10816
10751
10674
10641
10583
10557
10506
10468
10459
10480
10498
10522
10544
10543
10627
10675
10715
10818
10872
10946
11022
11116
11174
11254
11318
11397
11467
11578
11645
11755
11813
11921
11993
12078
12157
12219
12315
12388
12468
12519
12561
12649
12679
12706
12727
12787
12804
12808
12853
12853
12900
12878
12875
12875
12908
12882
12868
12872
12822
12833
12811
12825
12800
12753
12713
12697
12652
12616
12544
12476
12436
12357
12304
12210
12190
12118
12047
11983
11893
11827
11799
11721
11658
11548
11478
11406
11356
11304
11185
11129
11026
11016
10919
10853
10783
10681
10630
10598
10516
10434
10405
10333
10287
10169
10149
10120
10028
9962
9998
9893
9794
9743
9799
9714
9702
9636
9569
9563
9451
9553
9395
0
0
0
0
0
0
0
0
0
0
0
0
0
0
0
0
0
0
0
0
0
0
0
0
0
0
0
0
0
0
0
0
0
0
0
0
0
0
0
0
0
0
0
0
0
0
0
0
0
0
0
0
0
0
0
0
0
0
301.5446839 3.297930197 -0.0001662079439 0 0
