;Experimental Spectrum (Polarization=): Lot "q125pap-fin" (295); Slot #9; Wafer "??" [9/21/11 4:21:19 AM]; MS Site #1; Die #13, ColRow[-5,0]; Region Measurement Point #1; Point: (-128541, -30720) - absolute; (3579, 28) - from die left-bottom corner; Focus Z: 3397 counts; MetrologyRecipe: "PROD\055\055PMD-TBOX4";
0
0
0
0
0
0
0
0
0
0
0
0
0
0
4298
4380
4474
4616
4890
5197
5627
6092
6593
7041
7409
7691
7909
8072
8274
8354
8416
8417
8394
8334
8230
8143
8011
7903
7781
7719
7651
7624
7613
7650
7723
7828
7948
8129
8318
8535
8722
8929
9166
9427
9652
9896
10137
10379
10576
10750
10945
11081
11221
11385
11477
11564
11633
11674
11669
11742
11726
11745
11701
11681
11623
11581
11555
11465
11421
11359
11297
11245
11205
11090
11005
10962
10937
10865
10838
10794
10766
10729
10713
10694
10720
10707
10729
10752
10747
10775
10810
10878
10906
10940
11026
11069
11162
11238
11324
11385
11479
11539
11639
11737
11794
11879
11957
12024
12106
12175
12235
12280
12362
12432
12478
12516
12564
12611
12617
12658
12693
12740
12749
12769
12816
12804
12822
12865
12850
12846
12836
12851
12835
12841
12793
12752
12733
12714
12666
12650
12570
12533
12482
12455
12410
12370
12318
12261
12176
12171
12051
12000
11943
11956
11856
11774
11689
11668
11601
11512
11436
11372
11280
11185
11131
11124
10990
10992
10872
10840
10780
10668
10639
10553
10510
10439
10384
10335
10237
10184
10192
10064
10103
9991
9923
9844
9838
9803
0
0
0
0
0
0
0
0
0
0
0
0
0
0
0
0
0
0
0
0
0
0
0
0
0
0
0
0
0
0
0
0
0
0
0
0
0
0
0
0
0
0
0
0
0
0
0
0
0
0
0
0
0
0
0
0
0
0
301.5446839 3.297930197 -0.0001662079439 0 0
