;Experimental Spectrum (Polarization=): Lot "fin_q122ncr" (297); Slot #9; Wafer "??" [9/21/11 12:26:10 PM]; MS Site #1; Die #16, ColRow[2,4]; Region Measurement Point #1; Point: (39943, 99115) - absolute; (3557, 65) - from die left-bottom corner; Focus Z: 3418 counts; MetrologyRecipe: "PROD\055\055PMD-TBOX4";
0
0
0
0
0
0
0
0
0
0
0
0
0
0
4265
4406
4527
4770
5041
5421
5901
6360
6821
7212
7541
7768
7939
8026
8108
8161
8132
8112
8029
7936
7820
7712
7599
7517
7426
7396
7390
7393
7429
7538
7658
7826
8001
8216
8454
8679
8888
9106
9356
9597
9815
10046
10278
10464
10624
10812
10985
11110
11242
11296
11396
11454
11524
11529
11556
11535
11544
11505
11518
11482
11458
11370
11309
11285
11206
11130
11049
10981
10938
10863
10785
10723
10708
10664
10636
10595
10602
10601
10628
10631
10660
10648
10737
10761
10786
10847
10890
10936
10972
11047
11135
11182
11300
11351
11446
11528
11625
11701
11789
11845
11943
12019
12093
12136
12196
12276
12316
12379
12408
12475
12484
12551
12576
12620
12632
12674
12713
12695
12718
12755
12773
12752
12766
12793
12777
12781
12765
12743
12723
12717
12654
12612
12584
12581
12478
12423
12391
12332
12323
12249
12242
12184
12088
12031
12005
11940
11823
11767
11742
11714
11585
11525
11434
11400
11325
11245
11146
11076
11062
10950
10916
10794
10754
10679
10653
10557
10526
10461
10354
10342
10272
10266
10177
10094
10023
10003
9884
9846
9757
9765
9770
9711
9590
9561
0
0
0
0
0
0
0
0
0
0
0
0
0
0
0
0
0
0
0
0
0
0
0
0
0
0
0
0
0
0
0
0
0
0
0
0
0
0
0
0
0
0
0
0
0
0
0
0
0
0
0
0
0
0
0
0
0
0
301.5446839 3.297930197 -0.0001662079439 0 0
