;Experimental Spectrum (Polarization=): Lot "q125pap-fin" (295); Slot #10; Wafer "??" [9/21/11 4:22:53 AM]; MS Site #1; Die #4, ColRow[-2,-1]; Region Measurement Point #1; Point: (-56427, -62705) - absolute; (3570, 24) - from die left-bottom corner; Focus Z: 3932 counts; MetrologyRecipe: "PROD\055\055PMD-TBOX4";
0
0
0
0
0
0
0
0
0
0
0
0
0
0
5204
5473
5799
6105
6391
6723
7041
7365
7652
7838
7887
7896
7803
7707
7629
7523
7425
7331
7245
7191
7167
7182
7216
7298
7418
7584
7779
8004
8242
8528
8769
9070
9316
9603
9868
10104
10281
10467
10671
10835
10995
11097
11219
11296
11394
11462
11469
11481
11470
11452
11400
11377
11282
11247
11150
11051
10995
10936
10919
10820
10813
10681
10671
10592
10538
10502
10471
10462
10471
10450
10435
10473
10501
10558
10593
10663
10748
10809
10865
10952
11056
11137
11251
11338
11438
11537
11611
11691
11764
11897
11969
12059
12158
12215
12318
12375
12456
12534
12593
12679
12723
12799
12841
12879
12941
12971
12974
12995
13034
13035
13005
13007
13024
13040
13015
12997
13010
12973
12939
12942
12930
12878
12861
12857
12804
12777
12732
12677
12635
12613
12537
12462
12376
12346
12247
12181
12098
12027
11952
11867
11812
11765
11680
11615
11562
11497
11383
11300
11220
11200
11101
11024
10949
10863
10801
10696
10643
10615
10552
10467
10403
10335
10250
10230
10151
10121
10032
10030
9967
9887
9835
9811
9751
9723
9657
9696
9609
9592
9541
9543
9576
9522
9448
9365
0
0
0
0
0
0
0
0
0
0
0
0
0
0
0
0
0
0
0
0
0
0
0
0
0
0
0
0
0
0
0
0
0
0
0
0
0
0
0
0
0
0
0
0
0
0
0
0
0
0
0
0
0
0
0
0
0
0
301.5446839 3.297930197 -0.0001662079439 0 0
