;Experimental Spectrum (Polarization=): Lot "q125pap-fin" (295); Slot #9; Wafer "??" [9/21/11 4:21:19 AM]; MS Site #1; Die #9, ColRow[4,-2]; Region Measurement Point #1; Point: (87792, -95463) - absolute; (3571, 60) - from die left-bottom corner; Focus Z: 2920 counts; MetrologyRecipe: "PROD\055\055PMD-TBOX4";
0
0
0
0
0
0
0
0
0
0
0
0
0
0
4249
4421
4676
4905
5201
5604
6029
6485
6941
7296
7557
7718
7853
7908
7999
7981
7972
7893
7820
7724
7604
7515
7411
7355
7290
7297
7310
7359
7455
7573
7743
7942
8151
8383
8630
8880
9106
9328
9567
9823
10037
10238
10450
10651
10815
10943
11097
11234
11283
11330
11461
11459
11437
11514
11448
11424
11419
11430
11337
11311
11259
11185
11130
11047
10992
10916
10865
10808
10776
10689
10634
10593
10579
10550
10554
10540
10553
10566
10586
10603
10643
10657
10728
10783
10828
10902
10943
11026
11110
11145
11251
11310
11403
11519
11604
11680
11776
11817
11939
12028
12105
12177
12230
12300
12381
12437
12491
12532
12592
12635
12665
12698
12728
12763
12787
12796
12825
12844
12825
12845
12877
12857
12863
12892
12860
12857
12839
12814
12782
12791
12738
12698
12638
12612
12561
12515
12431
12391
12350
12275
12232
12207
12106
12032
11979
11943
11829
11759
11710
11680
11592
11518
11437
11405
11311
11282
11154
11082
11073
10955
10893
10860
10780
10726
10615
10610
10501
10458
10339
10388
10248
10176
10187
10110
10047
10041
9855
9877
9901
9799
9800
9605
9683
9610
0
0
0
0
0
0
0
0
0
0
0
0
0
0
0
0
0
0
0
0
0
0
0
0
0
0
0
0
0
0
0
0
0
0
0
0
0
0
0
0
0
0
0
0
0
0
0
0
0
0
0
0
0
0
0
0
0
0
301.5446839 3.297930197 -0.0001662079439 0 0
