;Experimental Spectrum (Polarization=): Lot "fin_q122ncr" (297); Slot #10; Wafer "??" [9/21/11 12:27:51 PM]; MS Site #1; Die #11, ColRow[-2,-3]; Region Measurement Point #1; Point: (-56461, -127876) - absolute; (3573, 24) - from die left-bottom corner; Focus Z: 3191 counts; MetrologyRecipe: "PROD\055\055PMD-TBOX4";
0
0
0
0
0
0
0
0
0
0
0
0
0
0
4651
4826
5083
5365
5715
6143
6609
7149
7554
7926
8176
8357
8452
8531
8542
8532
8491
8410
8300
8193
8064
7949
7833
7740
7708
7682
7735
7767
7870
8016
8171
8367
8574
8800
9072
9323
9545
9748
9990
10235
10470
10677
10864
11066
11188
11351
11450
11567
11589
11692
11694
11777
11751
11726
11712
11646
11617
11587
11517
11464
11401
11310
11256
11174
11090
11031
10961
10910
10830
10807
10699
10694
10658
10659
10672
10639
10635
10662
10680
10701
10734
10763
10829
10883
10922
10995
11052
11107
11173
11245
11347
11413
11517
11596
11676
11764
11839
11933
12008
12082
12153
12274
12300
12377
12463
12510
12554
12618
12629
12682
12713
12744
12787
12816
12804
12815
12845
12859
12871
12853
12848
12860
12864
12847
12868
12859
12825
12781
12760
12760
12722
12680
12617
12606
12529
12453
12400
12361
12324
12186
12166
12094
12025
11984
11897
11875
11767
11667
11623
11614
11540
11434
11351
11320
11257
11140
11085
11010
10938
10833
10811
10728
10641
10616
10524
10507
10439
10302
10256
10181
10155
10101
9982
9955
9882
9875
9821
9786
9691
9597
9578
9630
9586
9519
0
0
0
0
0
0
0
0
0
0
0
0
0
0
0
0
0
0
0
0
0
0
0
0
0
0
0
0
0
0
0
0
0
0
0
0
0
0
0
0
0
0
0
0
0
0
0
0
0
0
0
0
0
0
0
0
0
0
301.5446839 3.297930197 -0.0001662079439 0 0
