;Experimental Spectrum (Polarization=): Lot "fin_q128mib" (298); Slot #9; Wafer "??" [9/21/11 1:05:31 PM]; MS Site #1; Die #11, ColRow[-2,-3]; Region Measurement Point #1; Point: (-56219, -127682) - absolute; (3572, 10) - from die left-bottom corner; Focus Z: 3140 counts; MetrologyRecipe: "PROD\055\055PMD-TBOX4";
0
0
0
0
0
0
0
0
0
0
0
0
0
0
4425
4543
4753
5017
5319
5758
6220
6697
7164
7582
7884
8074
8217
8332
8390
8401
8391
8340
8255
8156
8032
7927
7794
7708
7640
7600
7604
7642
7704
7802
7966
8137
8326
8546
8793
9040
9255
9459
9694
9973
10225
10425
10628
10848
10984
11144
11267
11416
11438
11545
11608
11697
11686
11667
11712
11620
11677
11605
11542
11510
11472
11369
11280
11223
11167
11080
11028
10970
10907
10845
10761
10743
10702
10688
10669
10653
10636
10653
10668
10677
10701
10765
10766
10846
10871
10924
10984
11036
11104
11160
11255
11326
11427
11502
11595
11666
11753
11838
11929
12016
12098
12211
12245
12316
12416
12464
12522
12571
12621
12683
12698
12757
12789
12829
12836
12838
12866
12910
12933
12917
12924
12919
12944
12933
12940
12965
12915
12902
12879
12865
12838
12811
12731
12710
12661
12611
12505
12514
12459
12359
12322
12243
12165
12146
12066
11996
11952
11847
11785
11769
11690
11593
11528
11430
11384
11328
11252
11164
11085
11008
11002
10860
10761
10779
10701
10645
10572
10431
10465
10358
10281
10245
10141
10089
10039
10024
9963
9957
9913
9774
9718
9821
9714
9564
0
0
0
0
0
0
0
0
0
0
0
0
0
0
0
0
0
0
0
0
0
0
0
0
0
0
0
0
0
0
0
0
0
0
0
0
0
0
0
0
0
0
0
0
0
0
0
0
0
0
0
0
0
0
0
0
0
0
301.5446839 3.297930197 -0.0001662079439 0 0
