;Experimental Spectrum (Polarization=): Lot "fin_q128mib" (298); Slot #9; Wafer "??" [9/21/11 1:05:31 PM]; MS Site #1; Die #8, ColRow[5,0]; Region Measurement Point #1; Point: (112035, -30481) - absolute; (3559, 47) - from die left-bottom corner; Focus Z: 3476 counts; MetrologyRecipe: "PROD\055\055PMD-TBOX4";
0
0
0
0
0
0
0
0
0
0
0
0
0
0
4321
4454
4653
4899
5202
5634
6081
6516
7008
7400
7712
7895
8074
8161
8207
8241
8230
8183
8077
7994
7864
7765
7665
7569
7507
7484
7486
7522
7606
7708
7861
8030
8223
8456
8704
8940
9163
9386
9626
9872
10119
10346
10553
10745
10905
11098
11210
11338
11409
11492
11595
11620
11620
11707
11679
11602
11690
11582
11599
11597
11527
11426
11352
11328
11258
11150
11097
11032
10964
10893
10822
10797
10761
10737
10688
10697
10687
10697
10720
10732
10766
10796
10831
10868
10906
10961
11016
11066
11126
11194
11295
11357
11445
11503
11617
11708
11789
11857
11915
12052
12113
12193
12273
12306
12408
12460
12517
12550
12616
12667
12703
12726
12769
12817
12823
12858
12905
12913
12922
12940
12943
12938
12943
12958
12957
12950
12944
12928
12901
12882
12854
12789
12719
12716
12660
12634
12510
12503
12455
12384
12364
12282
12221
12188
12122
12060
11985
11883
11828
11816
11727
11641
11544
11427
11430
11353
11288
11261
11101
11053
10993
10913
10851
10816
10751
10666
10577
10612
10512
10454
10348
10340
10228
10200
10134
10187
10079
10001
10010
9961
9860
9828
9773
9705
0
0
0
0
0
0
0
0
0
0
0
0
0
0
0
0
0
0
0
0
0
0
0
0
0
0
0
0
0
0
0
0
0
0
0
0
0
0
0
0
0
0
0
0
0
0
0
0
0
0
0
0
0
0
0
0
0
0
301.5446839 3.297930197 -0.0001662079439 0 0
