STM Crolles data; Norm= 32020
nm
uR 350.97624 0.0 0.207026858 0.01
uR 354.269018 0.0 0.207370394 0.01
uR 357.561463 0.0 0.202998126 0.01
uR 360.853576 0.0 0.198313554 0.01
uR 364.145357 0.0 0.194284822 0.01
uR 367.436805 0.0 0.193785134 0.01
uR 370.72792 0.0 0.18828857 0.01
uR 374.018704 0.0 0.188663335 0.01
uR 377.309154 0.0 0.193222986 0.01
uR 380.599273 0.0 0.19412867 0.01
uR 383.889059 0.0 0.196158651 0.01
uR 387.178512 0.0 0.199125547 0.01
uR 390.467634 0.0 0.204871955 0.01
uR 393.756422 0.0 0.212585884 0.01
uR 397.044879 0.0 0.22142411 0.01
uR 400.333003 0.0 0.231542786 0.01
uR 403.620794 0.0 0.244347283 0.01
uR 406.908253 0.0 0.255153029 0.01
uR 410.19538 0.0 0.265209244 0.01
uR 413.482174 0.0 0.275390381 0.01
uR 416.768636 0.0 0.284853217 0.01
uR 420.054765 0.0 0.292504685 0.01
uR 423.340563 0.0 0.299437851 0.01
uR 426.626027 0.0 0.30387258 0.01
uR 429.911159 0.0 0.308026234 0.01
uR 433.195959 0.0 0.310805746 0.01
uR 436.480426 0.0 0.313023111 0.01
uR 439.764561 0.0 0.312492192 0.01
uR 443.048364 0.0 0.31236727 0.01
uR 446.331834 0.0 0.310149906 0.01
uR 449.614972 0.0 0.307589007 0.01
uR 452.897777 0.0 0.304840725 0.01
uR 456.18025 0.0 0.301186758 0.01
uR 459.46239 0.0 0.296939413 0.01
uR 462.744198 0.0 0.293566521 0.01
uR 466.025674 0.0 0.289725172 0.01
uR 469.306817 0.0 0.286727046 0.01
uR 472.587628 0.0 0.283978763 0.01
uR 475.868106 0.0 0.281511555 0.01
uR 479.148252 0.0 0.280168645 0.01
uR 482.428066 0.0 0.280106184 0.01
uR 485.707547 0.0 0.27985634 0.01
uR 488.986696 0.0 0.282261087 0.01
uR 492.265512 0.0 0.28438476 0.01
uR 495.543996 0.0 0.287289194 0.01
uR 498.822147 0.0 0.29219238 0.01
uR 502.099966 0.0 0.296533417 0.01
uR 505.377453 0.0 0.301748907 0.01
uR 508.654607 0.0 0.308244847 0.01
uR 511.931429 0.0 0.314584635 0.01
uR 515.207918 0.0 0.321986259 0.01
uR 518.484075 0.0 0.327545284 0.01
uR 521.7599 0.0 0.334228607 0.01
uR 525.035392 0.0 0.340162399 0.01
uR 528.310551 0.0 0.347158026 0.01
uR 531.585379 0.0 0.353154279 0.01
uR 534.859874 0.0 0.359306683 0.01
uR 538.134036 0.0 0.364334791 0.01
uR 541.407866 0.0 0.370455965 0.01
uR 544.681364 0.0 0.375421611 0.01
uR 547.954529 0.0 0.380356027 0.01
uR 551.227362 0.0 0.384134916 0.01
uR 554.499862 0.0 0.387320425 0.01
uR 557.77203 0.0 0.389475328 0.01
uR 561.043866 0.0 0.390974391 0.01
uR 564.315369 0.0 0.393941287 0.01
uR 567.58654 0.0 0.395377889 0.01
uR 570.857378 0.0 0.395721424 0.01
uR 574.127884 0.0 0.396502186 0.01
uR 577.398057 0.0 0.397220487 0.01
uR 580.667898 0.0 0.396346034 0.01
uR 583.937407 0.0 0.395971268 0.01
uR 587.206583 0.0 0.39547158 0.01
uR 590.475427 0.0 0.394097439 0.01
uR 593.743938 0.0 0.392379763 0.01
uR 597.012117 0.0 0.391474079 0.01
uR 600.279964 0.0 0.390224859 0.01
uR 603.547478 0.0 0.388132417 0.01
uR 606.81466 0.0 0.384884447 0.01
uR 610.081509 0.0 0.382104934 0.01
uR 613.348026 0.0 0.37988757 0.01
uR 616.61421 0.0 0.376951905 0.01
uR 619.880062 0.0 0.374859463 0.01
uR 623.145582 0.0 0.370955653 0.01
uR 626.410769 0.0 0.368425984 0.01
uR 629.675624 0.0 0.364896939 0.01
uR 632.940147 0.0 0.361399126 0.01
uR 636.204337 0.0 0.358994379 0.01
uR 639.468194 0.0 0.355683948 0.01
uR 642.731719 0.0 0.353310431 0.01
uR 645.994912 0.0 0.350811993 0.01
uR 649.257772 0.0 0.348969394 0.01
uR 652.5203 0.0 0.346876952 0.01
uR 655.782496 0.0 0.346158651 0.01
uR 659.044359 0.0 0.344659588 0.01
uR 662.305889 0.0 0.344191131 0.01
uR 665.567088 0.0 0.342629606 0.01
uR 668.827954 0.0 0.341755153 0.01
uR 672.088487 0.0 0.342161149 0.01
uR 675.348688 0.0 0.341005621 0.01
uR 678.608556 0.0 0.341099313 0.01
uR 681.868093 0.0 0.341130543 0.01
uR 685.127296 0.0 0.341474079 0.01
uR 688.386168 0.0 0.341973766 0.01
uR 691.644707 0.0 0.342723298 0.01
uR 694.902913 0.0 0.343285447 0.01
uR 698.160787 0.0 0.344378513 0.01
uR 701.418329 0.0 0.345658963 0.01
uR 704.675538 0.0 0.347001874 0.01
uR 707.932415 0.0 0.347938788 0.01
uR 711.188959 0.0 0.349875078 0.01
uR 714.445171 0.0 0.350968145 0.01
uR 717.701051 0.0 0.352998126 0.01
uR 720.956598 0.0 0.354653342 0.01
uR 724.211813 0.0 0.35646471 0.01
uR 727.466695 0.0 0.358151156 0.01
uR 730.721245 0.0 0.360056215 0.01
uR 733.975463 0.0 0.361399126 0.01
uR 737.229348 0.0 0.363991255 0.01
uR 740.4829 0.0 0.365646471 0.01
uR 743.736121 0.0 0.367395378 0.01
uR 746.989009 0.0 0.368894441 0.01
uR 750.241564 0.0 0.370955653 0.01
uR 753.493787 0.0 0.372329794 0.01
uR 756.745678 0.0 0.374953154 0.01
uR 759.997236 0.0 0.376389756 0.01
uR 763.248462 0.0 0.378169894 0.01
uR 766.499355 0.0 0.379512804 0.01
uR 769.749916 0.0 0.380574641 0.01
uR 773.000144 0.0 0.381480325 0.01
uR 776.25004 0.0 0.382823235 0.01
uR 779.499604 0.0 0.383010618 0.01
uR 782.748835 0.0 0.384166146 0.01
uR 785.997734 0.0 0.385509057 0.01
uR 789.246301 0.0 0.385977514 0.01
uR 792.494535 0.0 0.386539663 0.01
uR 795.742436 0.0 0.38638351 0.01
uR 798.990006 0.0 0.386602124 0.01
uR 802.237242 0.0 0.386758276 0.01
uR 805.484147 0.0 0.38766396 0.01
uR 808.730719 0.0 0.388351031 0.01
uR 811.976958 0.0 0.388694566 0.01
uR 815.222865 0.0 0.38766396 0.01
uR 818.46844 0.0 0.388819488 0.01
uR 821.713682 0.0 0.390724547 0.01
uR 824.958592 0.0 0.388632105 0.01
uR 828.20317 0.0 0.388538413 0.01
uR 831.447415 0.0 0.388069956 0.01
uR 834.691327 0.0 0.385883823 0.01
uR 837.934907 0.0 0.386664585 0.01
uR 841.178155 0.0 0.385134291 0.01
uR 844.42107 0.0 0.384603373 0.01
uR 847.663653 0.0 0.383385384 0.01
uR 850.905904 0.0 0.382386009 0.01
uR 854.147822 0.0 0.382229856 0.01
uR 857.389408 0.0 0.379637726 0.01
uR 860.630661 0.0 0.3792005 0.01
uR 863.871582 0.0 0.376389756 0.01
uR 867.11217 0.0 0.377232979 0.01
uR 870.352426 0.0 0.375577764 0.01
uR 873.59235 0.0 0.373922548 0.01
uR 876.831941 0.0 0.373797626 0.01
uR 880.0712 0.0 0.37204872 0.01
uR 883.310126 0.0 0.371736415 0.01
uR 886.54872 0.0 0.370206121 0.01
uR 889.786982 0.0 0.367114304 0.01
uR 893.024911 0.0 0.366489694 0.01
uR 896.262508 0.0 0.364366021 0.01
uR 899.499772 0.0 0.363148032 0.01
uR 902.736704 0.0 0.360430981 0.01
uR 905.973303 0.0 0.360712055 0.01
uR 909.209571 0.0 0.35780762 0.01
uR 912.445505 0.0 0.356683323 0.01
uR 915.681107 0.0 0.355028107 0.01
uR 918.916377 0.0 0.354341037 0.01
uR 922.151315 0.0 0.351186758 0.01
uR 925.38592 0.0 0.349281699 0.01
uR 928.620192 0.0 0.346221112 0.01
uR 931.854132 0.0 0.350218613 0.01
uR 935.08774 0.0 0.3441599 0.01
uR 938.321015 0.0 0.33960025 0.01
uR 941.553958 0.0 0.3408807 0.01
uR 944.786569 0.0 0.33376015 0.01
uR 948.018847 0.0 0.335946284 0.01
