;Experimental Spectrum (Polarization=): Lot "fin_q128mib" (298); Slot #10; Wafer "??" [9/21/11 1:07:27 PM]; MS Site #1; Die #6, ColRow[-1,3]; Region Measurement Point #1; Point: (-32192, 66785) - absolute; (3566, 56) - from die left-bottom corner; Focus Z: 4006 counts; MetrologyRecipe: "PROD\055\055PMD-TBOX4";
0
0
0
0
0
0
0
0
0
0
0
0
0
0
4940
5274
5558
5854
6155
6500
6863
7245
7548
7746
7854
7866
7790
7731
7678
7589
7494
7363
7261
7186
7121
7098
7096
7145
7218
7357
7519
7712
7914
8177
8423
8684
8955
9243
9501
9747
9952
10126
10341
10523
10700
10843
10982
11085
11170
11251
11331
11368
11404
11353
11342
11373
11298
11266
11211
11158
11076
11023
10981
10916
10873
10795
10737
10679
10630
10579
10554
10508
10492
10453
10463
10459
10456
10520
10552
10573
10635
10717
10787
10855
10929
11030
11114
11189
11316
11381
11427
11537
11582
11696
11758
11853
11973
12043
12129
12214
12280
12367
12445
12526
12584
12642
12682
12736
12785
12823
12843
12851
12874
12882
12897
12897
12914
12918
12918
12931
12925
12925
12904
12883
12873
12866
12797
12810
12767
12743
12718
12676
12630
12604
12528
12441
12386
12313
12250
12173
12083
12027
11988
11900
11866
11818
11715
11647
11597
11524
11421
11317
11264
11272
11120
11056
11003
10906
10845
10763
10650
10649
10552
10468
10396
10425
10317
10280
10198
10165
10174
9989
9998
9911
9895
9771
9805
9708
9672
9621
9678
9632
9639
9596
9512
9542
9405
9377
0
0
0
0
0
0
0
0
0
0
0
0
0
0
0
0
0
0
0
0
0
0
0
0
0
0
0
0
0
0
0
0
0
0
0
0
0
0
0
0
0
0
0
0
0
0
0
0
0
0
0
0
0
0
0
0
0
0
301.5446839 3.297930197 -0.0001662079439 0 0
