;Experimental Spectrum (Polarization=): Lot "fin_q128mib" (298); Slot #9; Wafer "??" [9/21/11 1:05:31 PM]; MS Site #1; Die #13, ColRow[-5,0]; Region Measurement Point #1; Point: (-128330, -30511) - absolute; (3575, 17) - from die left-bottom corner; Focus Z: 3390 counts; MetrologyRecipe: "PROD\055\055PMD-TBOX4";
0
0
0
0
0
0
0
0
0
0
0
0
0
0
4384
4623
4809
5063
5393
5793
6226
6664
7102
7457
7723
7870
7982
8029
8076
8049
8011
7930
7825
7726
7607
7507
7422
7345
7303
7313
7343
7417
7532
7680
7857
8063
8260
8523
8773
9030
9245
9463
9695
9953
10188
10396
10593
10758
10900
11056
11193
11268
11326
11403
11461
11510
11530
11511
11535
11472
11488
11386
11351
11292
11225
11152
11102
11026
10964
10902
10856
10786
10763
10683
10612
10620
10604
10583
10578
10591
10580
10589
10649
10656
10706
10775
10805
10878
10918
10968
11062
11110
11175
11248
11352
11427
11535
11597
11707
11771
11875
11928
12007
12127
12182
12293
12355
12402
12475
12531
12586
12602
12682
12726
12755
12785
12822
12866
12860
12870
12901
12916
12936
12924
12931
12907
12918
12925
12919
12915
12894
12858
12844
12827
12779
12727
12656
12627
12574
12536
12442
12414
12382
12325
12251
12171
12105
12074
11966
11935
11847
11772
11704
11705
11626
11504
11473
11389
11309
11246
11167
11129
11017
10935
10878
10812
10705
10706
10614
10576
10451
10412
10401
10312
10251
10221
10086
10036
9944
9937
9911
9919
9882
9744
9697
9744
9717
9635
0
0
0
0
0
0
0
0
0
0
0
0
0
0
0
0
0
0
0
0
0
0
0
0
0
0
0
0
0
0
0
0
0
0
0
0
0
0
0
0
0
0
0
0
0
0
0
0
0
0
0
0
0
0
0
0
0
0
301.5446839 3.297930197 -0.0001662079439 0 0
