;Experimental Spectrum (Polarization=): Lot "q125pap-fin" (295); Slot #10; Wafer "??" [9/21/11 4:22:53 AM]; MS Site #1; Die #3, ColRow[1,-2]; Region Measurement Point #1; Point: (15707, -95089) - absolute; (3590, 29) - from die left-bottom corner; Focus Z: 3609 counts; MetrologyRecipe: "PROD\055\055PMD-TBOX4";
0
0
0
0
0
0
0
0
0
0
0
0
0
0
5199
5508
5841
6117
6391
6673
7046
7337
7620
7776
7830
7824
7739
7650
7562
7457
7364
7261
7187
7146
7133
7134
7183
7279
7405
7574
7778
7987
8246
8512
8778
9060
9312
9590
9849
10082
10263
10443
10635
10794
10932
11058
11170
11246
11324
11385
11392
11395
11373
11364
11308
11284
11174
11118
11071
10957
10921
10851
10826
10727
10687
10586
10548
10486
10462
10424
10399
10375
10393
10379
10360
10414
10438
10495
10560
10633
10673
10788
10838
10910
11031
11093
11234
11298
11403
11509
11572
11664
11750
11852
11929
12022
12130
12184
12272
12324
12415
12476
12554
12623
12660
12749
12776
12816
12893
12901
12915
12915
12960
12969
12949
12949
12964
12970
12934
12937
12916
12900
12867
12859
12846
12791
12788
12781
12738
12696
12641
12606
12543
12526
12449
12375
12313
12261
12190
12115
12018
11962
11888
11798
11755
11672
11599
11551
11488
11431
11305
11209
11132
11109
11033
10910
10892
10773
10718
10650
10587
10553
10457
10411
10352
10297
10214
10152
10101
10068
9973
9975
9901
9781
9807
9750
9706
9636
9558
9548
9517
9518
9369
9464
9509
9367
9362
9311
0
0
0
0
0
0
0
0
0
0
0
0
0
0
0
0
0
0
0
0
0
0
0
0
0
0
0
0
0
0
0
0
0
0
0
0
0
0
0
0
0
0
0
0
0
0
0
0
0
0
0
0
0
0
0
0
0
0
301.5446839 3.297930197 -0.0001662079439 0 0
