;Experimental Spectrum (Polarization=): Lot "fin_q122ncr" (297); Slot #9; Wafer "??" [9/21/11 12:26:10 PM]; MS Site #1; Die #15, ColRow[-2,4]; Region Measurement Point #1; Point: (-56191, 99121) - absolute; (3576, 72) - from die left-bottom corner; Focus Z: 3487 counts; MetrologyRecipe: "PROD\055\055PMD-TBOX4";
0
0
0
0
0
0
0
0
0
0
0
0
0
0
4314
4317
4398
4575
4835
5147
5600
6092
6563
6975
7344
7637
7843
7998
8136
8230
8273
8292
8248
8172
8078
7983
7860
7745
7655
7584
7544
7503
7501
7551
7614
7744
7873
8053
8251
8454
8642
8854
9094
9329
9560
9795
10056
10241
10431
10649
10847
10985
11107
11248
11352
11465
11535
11558
11588
11600
11635
11618
11645
11607
11595
11511
11498
11447
11380
11304
11239
11152
11103
11037
10935
10886
10841
10800
10745
10734
10680
10689
10665
10666
10663
10650
10715
10706
10731
10761
10804
10849
10863
10911
10993
11029
11130
11183
11280
11346
11444
11509
11591
11675
11749
11839
11913
11973
12043
12096
12150
12228
12276
12337
12363
12425
12489
12514
12533
12582
12616
12641
12654
12701
12719
12721
12722
12768
12768
12776
12757
12752
12708
12741
12675
12652
12618
12617
12522
12503
12438
12418
12388
12323
12316
12262
12187
12146
12096
12048
11951
11889
11847
11834
11715
11661
11553
11507
11488
11348
11261
11220
11164
11089
11048
10961
10875
10815
10769
10656
10634
10581
10516
10411
10409
10373
10271
10182
10112
10117
10004
10003
9871
9906
9861
9837
9867
9673
0
0
0
0
0
0
0
0
0
0
0
0
0
0
0
0
0
0
0
0
0
0
0
0
0
0
0
0
0
0
0
0
0
0
0
0
0
0
0
0
0
0
0
0
0
0
0
0
0
0
0
0
0
0
0
0
0
0
301.5446839 3.297930197 -0.0001662079439 0 0
