;Experimental Spectrum (Polarization=): Lot "q125pap-fin" (295); Slot #9; Wafer "??" [9/21/11 4:21:19 AM]; MS Site #1; Die #7, ColRow[2,2]; Region Measurement Point #1; Point: (39703, 34079) - absolute; (3558, 51) - from die left-bottom corner; Focus Z: 4048 counts; MetrologyRecipe: "PROD\055\055PMD-TBOX4";
0
0
0
0
0
0
0
0
0
0
0
0
0
0
4858
5172
5487
5756
6070
6409
6817
7199
7501
7767
7847
7878
7856
7786
7741
7637
7545
7438
7348
7249
7174
7141
7128
7164
7242
7358
7509
7674
7868
8096
8362
8616
8900
9185
9464
9703
9908
10114
10325
10543
10700
10871
11004
11153
11237
11323
11438
11469
11481
11480
11507
11465
11374
11409
11344
11278
11246
11215
11179
11072
11015
10958
10891
10840
10778
10709
10667
10647
10642
10568
10533
10546
10578
10556
10632
10639
10700
10746
10844
10895
11011
11050
11150
11252
11290
11417
11484
11557
11656
11705
11834
11903
11996
12076
12166
12258
12326
12396
12499
12582
12634
12699
12762
12786
12855
12885
12907
12929
12961
12976
12981
12984
13000
13007
13015
13013
13029
13013
13008
12988
13014
12945
12939
12922
12857
12845
12819
12794
12739
12738
12652
12554
12523
12470
12371
12314
12226
12170
12101
12029
12000
11921
11846
11800
11728
11661
11561
11442
11428
11373
11259
11186
11083
11034
10979
10914
10782
10735
10691
10578
10564
10466
10460
10414
10318
10295
10206
10164
10075
10093
10011
9905
9934
9769
9849
9763
9714
9757
9678
9684
9653
9668
9619
9579
0
0
0
0
0
0
0
0
0
0
0
0
0
0
0
0
0
0
0
0
0
0
0
0
0
0
0
0
0
0
0
0
0
0
0
0
0
0
0
0
0
0
0
0
0
0
0
0
0
0
0
0
0
0
0
0
0
0
301.5446839 3.297930197 -0.0001662079439 0 0
