;Experimental Spectrum (Polarization=): Lot "q125pap-fin" (295); Slot #10; Wafer "??" [9/21/11 4:22:53 AM]; MS Site #1; Die #11, ColRow[-2,-3]; Region Measurement Point #1; Point: (-56420, -127485) - absolute; (3578, 20) - from die left-bottom corner; Focus Z: 3197 counts; MetrologyRecipe: "PROD\055\055PMD-TBOX4";
0
0
0
0
0
0
0
0
0
0
0
0
0
0
4758
4966
5281
5572
5935
6322
6761
7205
7590
7925
8103
8213
8248
8256
8224
8161
8098
7992
7894
7782
7681
7593
7515
7504
7497
7543
7639
7754
7915
8098
8325
8564
8781
9056
9330
9584
9806
9997
10242
10469
10669
10854
11019
11163
11309
11410
11465
11590
11561
11628
11597
11655
11606
11524
11550
11450
11399
11330
11315
11192
11202
11060
10991
10941
10869
10800
10751
10703
10672
10655
10587
10572
10551
10580
10586
10594
10627
10679
10716
10741
10800
10859
10929
11011
11077
11170
11231
11306
11400
11487
11566
11666
11763
11851
11939
12009
12087
12182
12265
12353
12412
12525
12566
12624
12702
12736
12782
12819
12862
12898
12894
12920
12967
12987
12961
12965
12979
12972
12975
12983
12978
12952
12964
12947
12920
12931
12867
12832
12798
12800
12731
12687
12619
12602
12522
12460
12373
12322
12283
12149
12137
12049
11973
11941
11854
11826
11716
11625
11541
11521
11447
11338
11289
11194
11123
11059
11021
10954
10846
10792
10752
10658
10547
10504
10440
10399
10324
10250
10190
10108
10104
10010
9982
9944
9892
9827
9728
9701
9573
9644
9644
9697
9626
9420
0
0
0
0
0
0
0
0
0
0
0
0
0
0
0
0
0
0
0
0
0
0
0
0
0
0
0
0
0
0
0
0
0
0
0
0
0
0
0
0
0
0
0
0
0
0
0
0
0
0
0
0
0
0
0
0
0
0
301.5446839 3.297930197 -0.0001662079439 0 0
