;Experimental Spectrum (Polarization=): Lot "fin_q128mib" (298); Slot #10; Wafer "??" [9/21/11 1:07:27 PM]; MS Site #1; Die #17, ColRow[4,2]; Region Measurement Point #1; Point: (87996, 34401) - absolute; (3564, 59) - from die left-bottom corner; Focus Z: 3828 counts; MetrologyRecipe: "PROD\055\055PMD-TBOX4";
0
0
0
0
0
0
0
0
0
0
0
0
0
0
4748
5067
5365
5657
5975
6374
6783
7234
7564
7863
8005
8046
8044
8027
7983
7911
7833
7706
7592
7497
7397
7337
7287
7302
7325
7395
7518
7670
7838
8067
8291
8534
8794
9083
9361
9586
9809
10019
10255
10453
10644
10822
10990
11108
11227
11326
11431
11478
11495
11540
11534
11563
11517
11530
11443
11401
11386
11325
11278
11209
11152
11065
11002
10957
10898
10820
10755
10708
10704
10626
10580
10586
10591
10598
10636
10621
10662
10721
10778
10825
10920
10988
11046
11107
11194
11281
11345
11437
11497
11588
11664
11759
11859
11932
12039
12105
12190
12259
12354
12426
12513
12582
12626
12673
12726
12766
12792
12826
12840
12874
12876
12912
12923
12930
12965
12946
12957
12972
12957
12969
12946
12919
12891
12875
12866
12845
12854
12779
12755
12746
12671
12587
12535
12486
12398
12341
12261
12194
12165
12108
12027
11967
11888
11860
11796
11699
11596
11527
11453
11441
11297
11259
11187
11056
11020
10940
10855
10804
10738
10637
10598
10556
10504
10431
10353
10305
10333
10165
10166
10061
10060
9924
9943
9838
9722
9795
9728
9810
9646
9643
9657
9706
9608
9596
0
0
0
0
0
0
0
0
0
0
0
0
0
0
0
0
0
0
0
0
0
0
0
0
0
0
0
0
0
0
0
0
0
0
0
0
0
0
0
0
0
0
0
0
0
0
0
0
0
0
0
0
0
0
0
0
0
0
301.5446839 3.297930197 -0.0001662079439 0 0
