;Experimental Spectrum (Polarization=): Lot "fin_q122ncr" (297); Slot #9; Wafer "??" [9/21/11 12:26:10 PM]; MS Site #1; Die #14, ColRow[-4,2]; Region Measurement Point #1; Point: (-104265, 34327) - absolute; (3578, 54) - from die left-bottom corner; Focus Z: 3788 counts; MetrologyRecipe: "PROD\055\055PMD-TBOX4";
0
0
0
0
0
0
0
0
0
0
0
0
0
0
4345
4378
4558
4766
5055
5409
5870
6358
6813
7239
7570
7807
7987
8092
8203
8252
8252
8227
8170
8067
7961
7858
7724
7627
7539
7493
7470
7476
7514
7586
7692
7866
8014
8226
8458
8684
8884
9118
9353
9613
9863
10082
10329
10513
10681
10871
11049
11142
11294
11408
11502
11587
11626
11635
11640
11641
11636
11585
11597
11585
11536
11483
11430
11348
11283
11223
11144
11062
11033
10943
10853
10801
10791
10742
10708
10695
10689
10687
10658
10681
10713
10670
10762
10776
10799
10858
10899
10935
10974
11052
11137
11192
11285
11364
11439
11523
11616
11680
11772
11871
11928
12034
12081
12160
12224
12266
12344
12390
12459
12501
12517
12586
12616
12668
12671
12700
12727
12758
12767
12791
12808
12803
12807
12847
12814
12821
12814
12764
12775
12778
12735
12674
12642
12641
12544
12511
12459
12412
12377
12312
12298
12225
12171
12113
12046
11978
11876
11843
11811
11775
11678
11593
11517
11482
11403
11290
11236
11172
11110
10989
10975
10921
10825
10747
10739
10637
10592
10544
10434
10383
10324
10288
10185
10211
10065
10107
9931
9924
9839
9824
9865
9798
9752
9673
0
0
0
0
0
0
0
0
0
0
0
0
0
0
0
0
0
0
0
0
0
0
0
0
0
0
0
0
0
0
0
0
0
0
0
0
0
0
0
0
0
0
0
0
0
0
0
0
0
0
0
0
0
0
0
0
0
0
301.5446839 3.297930197 -0.0001662079439 0 0
