;Experimental Spectrum (Polarization=): Lot "fin_q122ncr" (297); Slot #9; Wafer "??" [9/21/11 12:26:10 PM]; MS Site #1; Die #5, ColRow[-3,1]; Region Measurement Point #1; Point: (-80231, 1921) - absolute; (3573, 36) - from die left-bottom corner; Focus Z: 4127 counts; MetrologyRecipe: "PROD\055\055PMD-TBOX4";
0
0
0
0
0
0
0
0
0
0
0
0
0
0
4781
5019
5327
5638
5969
6344
6792
7221
7578
7899
8067
8125
8132
8118
8059
7992
7883
7792
7676
7577
7472
7398
7329
7312
7337
7403
7511
7637
7803
8025
8223
8486
8724
9007
9288
9539
9743
9971
10184
10408
10616
10789
10976
11100
11218
11330
11418
11479
11503
11574
11564
11566
11533
11509
11446
11427
11344
11289
11251
11176
11157
11039
10976
10922
10840
10766
10746
10679
10629
10616
10541
10526
10546
10547
10567
10591
10632
10658
10703
10766
10857
10890
10983
11049
11118
11206
11286
11335
11394
11496
11575
11664
11772
11837
11945
12032
12116
12171
12261
12354
12402
12491
12535
12580
12667
12684
12732
12757
12784
12833
12814
12848
12856
12886
12846
12882
12891
12900
12882
12888
12876
12841
12837
12833
12788
12782
12773
12698
12714
12667
12605
12536
12490
12465
12361
12281
12224
12165
12108
12051
11981
11920
11854
11787
11705
11638
11539
11486
11422
11407
11250
11190
11101
11066
11001
10865
10833
10755
10694
10608
10595
10470
10422
10386
10347
10237
10190
10162
10018
9999
9985
9935
9862
9816
9720
9743
9676
9640
9582
9559
9631
9498
9558
9390
0
0
0
0
0
0
0
0
0
0
0
0
0
0
0
0
0
0
0
0
0
0
0
0
0
0
0
0
0
0
0
0
0
0
0
0
0
0
0
0
0
0
0
0
0
0
0
0
0
0
0
0
0
0
0
0
0
0
301.5446839 3.297930197 -0.0001662079439 0 0
