;Experimental Spectrum (Polarization=): Lot "fin_q122ncr" (297); Slot #10; Wafer "??" [9/21/11 12:27:51 PM]; MS Site #1; Die #3, ColRow[1,-2]; Region Measurement Point #1; Point: (15666, -95478) - absolute; (3586, 34) - from die left-bottom corner; Focus Z: 3595 counts; MetrologyRecipe: "PROD\055\055PMD-TBOX4";
0
0
0
0
0
0
0
0
0
0
0
0
0
0
5119
5465
5739
6021
6315
6677
6943
7307
7619
7765
7818
7810
7746
7660
7590
7477
7377
7278
7183
7128
7083
7093
7132
7203
7305
7479
7676
7868
8113
8378
8649
8927
9193
9466
9739
9975
10163
10355
10545
10716
10854
11011
11132
11217
11268
11354
11358
11332
11343
11354
11308
11290
11171
11161
11071
10998
10955
10878
10801
10753
10711
10609
10565
10516
10444
10423
10376
10383
10351
10360
10354
10378
10426
10482
10547
10580
10641
10728
10797
10888
10991
11058
11190
11274
11347
11453
11531
11600
11695
11771
11886
11946
12048
12142
12203
12284
12368
12431
12487
12577
12607
12684
12717
12784
12840
12859
12872
12899
12902
12900
12908
12913
12923
12932
12905
12889
12879
12893
12857
12840
12817
12779
12754
12742
12747
12679
12641
12579
12534
12518
12455
12366
12306
12279
12157
12095
12034
11963
11909
11787
11746
11686
11594
11545
11479
11412
11285
11206
11159
11106
11050
10925
10884
10790
10760
10662
10597
10517
10454
10368
10308
10317
10226
10195
10101
10056
9980
9932
9895
9806
9768
9741
9703
9627
9611
9567
9538
9525
9456
9465
9411
9300
9395
9216
0
0
0
0
0
0
0
0
0
0
0
0
0
0
0
0
0
0
0
0
0
0
0
0
0
0
0
0
0
0
0
0
0
0
0
0
0
0
0
0
0
0
0
0
0
0
0
0
0
0
0
0
0
0
0
0
0
0
301.5446839 3.297930197 -0.0001662079439 0 0
