;Experimental Spectrum (Polarization=): Lot "q125pap-fin" (295); Slot #10; Wafer "??" [9/21/11 4:22:53 AM]; MS Site #1; Die #1, ColRow[0,0]; Region Measurement Point #1; Point: (-8354, -30306) - absolute; (3567, 35) - from die left-bottom corner; Focus Z: 4389 counts; MetrologyRecipe: "PROD\055\055PMD-TBOX4";
0
0
0
0
0
0
0
0
0
0
0
0
0
0
5403
5655
5981
6232
6462
6731
7008
7226
7484
7611
7640
7566
7477
7360
7276
7184
7089
7016
6960
6961
6973
7026
7114
7255
7421
7637
7854
8102
8365
8670
8938
9215
9483
9772
10020
10243
10420
10587
10769
10924
10998
11147
11254
11303
11381
11408
11407
11384
11391
11333
11228
11258
11162
11102
11033
10961
10890
10811
10779
10698
10678
10582
10566
10513
10474
10443
10455
10445
10471
10453
10425
10513
10536
10605
10686
10768
10847
10933
11035
11102
11228
11311
11440
11547
11637
11745
11795
11907
12004
12081
12189
12254
12367
12426
12518
12573
12679
12723
12794
12885
12898
12981
13023
13058
13128
13133
13126
13145
13161
13140
13156
13100
13139
13127
13099
13108
13104
13066
13038
13010
13004
12938
12912
12906
12857
12804
12773
12704
12666
12652
12554
12487
12395
12381
12278
12216
12084
12037
11957
11871
11857
11762
11668
11630
11574
11494
11383
11276
11208
11161
11102
10979
10925
10845
10767
10675
10644
10613
10513
10413
10404
10322
10293
10238
10181
10136
10073
10141
10013
9969
9906
9888
9859
9693
9764
9678
9640
9621
9622
9685
9640
9550
9593
9472
0
0
0
0
0
0
0
0
0
0
0
0
0
0
0
0
0
0
0
0
0
0
0
0
0
0
0
0
0
0
0
0
0
0
0
0
0
0
0
0
0
0
0
0
0
0
0
0
0
0
0
0
0
0
0
0
0
0
301.5446839 3.297930197 -0.0001662079439 0 0
