;Experimental Spectrum (Polarization=): Lot "fin_q128mib" (298); Slot #9; Wafer "??" [9/21/11 1:05:31 PM]; MS Site #1; Die #9, ColRow[4,-2]; Region Measurement Point #1; Point: (88003, -95257) - absolute; (3565, 47) - from die left-bottom corner; Focus Z: 2890 counts; MetrologyRecipe: "PROD\055\055PMD-TBOX4";
0
0
0
0
0
0
0
0
0
0
0
0
0
0
4337
4461
4723
4963
5294
5699
6124
6521
6987
7316
7592
7715
7841
7874
7915
7912
7867
7794
7688
7602
7482
7409
7302
7248
7207
7223
7260
7335
7449
7596
7775
7993
8201
8443
8704
8953
9192
9391
9637
9879
10091
10305
10520
10673
10828
10971
11107
11207
11254
11302
11386
11378
11385
11462
11431
11318
11381
11295
11263
11237
11169
11061
11017
10962
10910
10826
10780
10733
10665
10613
10570
10554
10530
10527
10502
10512
10520
10539
10601
10614
10658
10709
10756
10830
10861
10936
11002
11062
11141
11216
11317
11382
11471
11554
11657
11722
11829
11884
11965
12094
12147
12246
12306
12355
12415
12488
12535
12575
12617
12680
12707
12739
12775
12806
12823
12826
12852
12872
12872
12876
12901
12858
12875
12887
12884
12872
12856
12816
12804
12774
12731
12703
12619
12598
12525
12505
12400
12385
12341
12274
12208
12152
12082
12029
11983
11910
11827
11752
11705
11643
11607
11486
11437
11353
11280
11226
11167
11061
10983
10911
10863
10792
10727
10711
10621
10608
10415
10416
10342
10311
10260
10210
10097
10033
9998
9995
9898
9914
9947
9790
9775
9603
9677
9613
0
0
0
0
0
0
0
0
0
0
0
0
0
0
0
0
0
0
0
0
0
0
0
0
0
0
0
0
0
0
0
0
0
0
0
0
0
0
0
0
0
0
0
0
0
0
0
0
0
0
0
0
0
0
0
0
0
0
301.5446839 3.297930197 -0.0001662079439 0 0
