;Experimental Spectrum (Polarization=): Lot "fin_q128mib" (298); Slot #10; Wafer "??" [9/21/11 1:07:27 PM]; MS Site #1; Die #10, ColRow[2,-3]; Region Measurement Point #1; Point: (39929, -127545) - absolute; (3573, 53) - from die left-bottom corner; Focus Z: 2991 counts; MetrologyRecipe: "PROD\055\055PMD-TBOX4";
0
0
0
0
0
0
0
0
0
0
0
0
0
0
4462
4750
4955
5268
5558
5954
6396
6874
7274
7593
7813
7949
8018
8038
8068
8017
7974
7863
7764
7669
7555
7476
7385
7351
7320
7356
7422
7515
7645
7821
8011
8229
8455
8736
8989
9237
9451
9673
9902
10145
10354
10523
10720
10867
11009
11127
11268
11340
11360
11451
11447
11490
11476
11462
11431
11402
11357
11311
11276
11204
11165
11036
10995
10918
10837
10776
10730
10675
10624
10591
10528
10506
10521
10529
10510
10526
10544
10594
10613
10640
10713
10751
10830
10882
10952
11029
11084
11165
11219
11318
11386
11473
11568
11696
11754
11835
11930
12006
12109
12194
12263
12368
12401
12470
12540
12592
12631
12681
12718
12746
12766
12799
12835
12858
12859
12878
12891
12915
12903
12930
12924
12905
12889
12903
12873
12853
12833
12792
12787
12761
12711
12674
12615
12550
12530
12464
12385
12355
12297
12195
12162
12106
12009
11977
11893
11846
11745
11676
11565
11598
11508
11412
11370
11264
11263
11126
11018
10999
10897
10840
10776
10759
10645
10590
10498
10474
10440
10281
10267
10154
10100
10104
9970
9931
9892
9883
9734
9857
9723
9760
9678
9661
9589
9589
0
0
0
0
0
0
0
0
0
0
0
0
0
0
0
0
0
0
0
0
0
0
0
0
0
0
0
0
0
0
0
0
0
0
0
0
0
0
0
0
0
0
0
0
0
0
0
0
0
0
0
0
0
0
0
0
0
0
301.5446839 3.297930197 -0.0001662079439 0 0
