;Experimental Spectrum (Polarization=): Lot "q125pap-fin" (295); Slot #9; Wafer "??" [9/21/11 4:21:19 AM]; MS Site #1; Die #3, ColRow[1,-2]; Region Measurement Point #1; Point: (15695, -95492) - absolute; (3588, 32) - from die left-bottom corner; Focus Z: 3527 counts; MetrologyRecipe: "PROD\055\055PMD-TBOX4";
0
0
0
0
0
0
0
0
0
0
0
0
0
0
4925
5293
5680
5933
6240
6614
6972
7327
7650
7872
7960
7950
7938
7839
7821
7685
7592
7467
7397
7313
7255
7230
7228
7284
7358
7500
7660
7853
8046
8296
8554
8833
9096
9372
9645
9892
10088
10296
10487
10693
10845
10983
11119
11229
11315
11389
11409
11475
11435
11416
11443
11426
11301
11312
11207
11167
11102
11051
10966
10896
10856
10764
10700
10628
10569
10520
10492
10468
10464
10428
10406
10405
10450
10478
10538
10574
10626
10712
10752
10828
10942
10983
11108
11185
11275
11369
11434
11511
11606
11675
11792
11855
11955
12071
12146
12218
12306
12361
12431
12513
12566
12622
12680
12732
12807
12827
12843
12866
12899
12927
12913
12926
12929
12940
12932
12924
12919
12935
12885
12878
12883
12828
12830
12813
12775
12754
12692
12675
12613
12597
12528
12449
12399
12332
12255
12200
12100
12061
11975
11904
11846
11797
11703
11631
11556
11517
11405
11314
11257
11226
11122
11043
10957
10916
10834
10786
10672
10601
10575
10486
10458
10391
10317
10286
10163
10169
10050
10060
9943
9940
9841
9801
9786
9659
9626
9651
9577
9529
9535
9480
9473
9402
9372
9446
0
0
0
0
0
0
0
0
0
0
0
0
0
0
0
0
0
0
0
0
0
0
0
0
0
0
0
0
0
0
0
0
0
0
0
0
0
0
0
0
0
0
0
0
0
0
0
0
0
0
0
0
0
0
0
0
0
0
301.5446839 3.297930197 -0.0001662079439 0 0
