;Experimental Spectrum (Polarization=): Lot "q125pap-fin" (295); Slot #10; Wafer "??" [9/21/11 4:22:53 AM]; MS Site #1; Die #13, ColRow[-5,0]; Region Measurement Point #1; Point: (-128528, -30314) - absolute; (3583, 27) - from die left-bottom corner; Focus Z: 3430 counts; MetrologyRecipe: "PROD\055\055PMD-TBOX4";
0
0
0
0
0
0
0
0
0
0
0
0
0
0
4347
4483
4663
4910
5220
5589
6046
6503
6993
7381
7674
7901
8048
8159
8232
8253
8249
8192
8132
8032
7921
7807
7700
7605
7535
7495
7490
7520
7593
7709
7828
8002
8176
8409
8658
8894
9106
9314
9566
9819
10047
10271
10506
10666
10873
11014
11150
11261
11374
11490
11517
11583
11632
11611
11644
11593
11601
11561
11561
11461
11445
11339
11335
11246
11152
11101
11039
10979
10948
10869
10764
10768
10728
10690
10684
10668
10653
10656
10661
10664
10683
10713
10766
10797
10821
10900
10928
11021
11060
11145
11213
11302
11396
11450
11550
11616
11720
11788
11870
11979
12033
12150
12223
12279
12359
12401
12459
12483
12572
12627
12653
12683
12736
12773
12765
12826
12828
12830
12854
12866
12909
12862
12888
12910
12912
12898
12869
12847
12837
12843
12772
12738
12690
12675
12616
12559
12485
12452
12402
12335
12314
12240
12179
12136
12059
12029
11906
11867
11758
11796
11709
11577
11553
11456
11392
11266
11252
11199
11111
11034
10927
10937
10811
10772
10713
10638
10597
10521
10434
10366
10372
10282
10144
10114
10076
10019
9966
9990
9828
9910
9801
9781
9789
9697
0
0
0
0
0
0
0
0
0
0
0
0
0
0
0
0
0
0
0
0
0
0
0
0
0
0
0
0
0
0
0
0
0
0
0
0
0
0
0
0
0
0
0
0
0
0
0
0
0
0
0
0
0
0
0
0
0
0
301.5446839 3.297930197 -0.0001662079439 0 0
