;Experimental Spectrum (Polarization=): Lot "fin_q128mib" (298); Slot #9; Wafer "??" [9/21/11 1:05:31 PM]; MS Site #1; Die #12, ColRow[-4,-2]; Region Measurement Point #1; Point: (-104301, -95294) - absolute; (3566, 11) - from die left-bottom corner; Focus Z: 3222 counts; MetrologyRecipe: "PROD\055\055PMD-TBOX4";
0
0
0
0
0
0
0
0
0
0
0
0
0
0
4464
4713
4957
5228
5564
6026
6457
6882
7353
7718
7966
8105
8227
8246
8278
8245
8183
8114
8005
7889
7766
7667
7568
7495
7460
7456
7498
7568
7681
7835
8001
8211
8425
8658
8926
9168
9400
9596
9826
10098
10330
10511
10700
10878
11007
11153
11250
11359
11408
11460
11539
11548
11515
11524
11512
11454
11496
11387
11321
11291
11234
11135
11058
10993
10933
10854
10816
10743
10699
10646
10573
10584
10561
10535
10525
10542
10556
10576
10614
10634
10676
10730
10770
10863
10899
10959
11036
11092
11156
11242
11334
11407
11532
11601
11697
11757
11860
11927
12005
12117
12170
12289
12340
12374
12473
12522
12569
12610
12664
12713
12733
12754
12801
12853
12828
12839
12873
12890
12889
12878
12885
12865
12875
12878
12874
12871
12841
12823
12792
12755
12731
12679
12593
12580
12524
12470
12372
12359
12298
12241
12169
12095
12035
11991
11918
11853
11774
11695
11631
11623
11549
11431
11382
11292
11223
11133
11105
11039
10947
10836
10813
10739
10625
10624
10520
10492
10363
10346
10307
10191
10148
10061
10021
9943
9908
9989
9801
9788
9812
9575
9617
9601
9602
9438
0
0
0
0
0
0
0
0
0
0
0
0
0
0
0
0
0
0
0
0
0
0
0
0
0
0
0
0
0
0
0
0
0
0
0
0
0
0
0
0
0
0
0
0
0
0
0
0
0
0
0
0
0
0
0
0
0
0
301.5446839 3.297930197 -0.0001662079439 0 0
