;Experimental Spectrum (Polarization=): Lot "fin_q128mib" (298); Slot #9; Wafer "??" [9/21/11 1:05:31 PM]; MS Site #1; Die #16, ColRow[2,4]; Region Measurement Point #1; Point: (39912, 99076) - absolute; (3550, 53) - from die left-bottom corner; Focus Z: 3335 counts; MetrologyRecipe: "PROD\055\055PMD-TBOX4";
0
0
0
0
0
0
0
0
0
0
0
0
0
0
4316
4409
4591
4863
5141
5526
6006
6460
6892
7285
7569
7754
7923
7978
8040
8053
8040
7992
7879
7790
7662
7565
7462
7395
7335
7322
7314
7360
7423
7551
7695
7877
8070
8300
8557
8782
9011
9217
9463
9706
9935
10135
10371
10545
10695
10892
11034
11147
11255
11288
11390
11443
11482
11498
11541
11445
11500
11462
11424
11408
11354
11272
11207
11163
11083
11018
10932
10894
10847
10765
10686
10662
10632
10600
10596
10567
10565
10585
10607
10622
10673
10705
10737
10779
10831
10872
10944
10987
11056
11135
11218
11273
11370
11419
11548
11606
11697
11781
11847
11942
12029
12104
12190
12232
12290
12363
12406
12452
12486
12557
12557
12628
12654
12685
12713
12739
12786
12758
12800
12801
12822
12786
12810
12809
12811
12800
12803
12769
12763
12734
12688
12639
12596
12577
12499
12457
12376
12341
12310
12256
12212
12154
12060
12031
11998
11929
11852
11754
11729
11671
11609
11506
11436
11351
11302
11231
11154
11099
11006
10943
10886
10809
10739
10714
10632
10579
10527
10447
10400
10356
10312
10230
10158
10037
9985
9983
9960
9932
9903
9817
9722
9734
9630
9713
0
0
0
0
0
0
0
0
0
0
0
0
0
0
0
0
0
0
0
0
0
0
0
0
0
0
0
0
0
0
0
0
0
0
0
0
0
0
0
0
0
0
0
0
0
0
0
0
0
0
0
0
0
0
0
0
0
0
301.5446839 3.297930197 -0.0001662079439 0 0
