;Experimental Spectrum (Polarization=): Lot "q125pap-fin" (295); Slot #10; Wafer "??" [9/21/11 4:22:53 AM]; MS Site #1; Die #12, ColRow[-4,-2]; Region Measurement Point #1; Point: (-104500, -95095) - absolute; (3574, 22) - from die left-bottom corner; Focus Z: 3242 counts; MetrologyRecipe: "PROD\055\055PMD-TBOX4";
0
0
0
0
0
0
0
0
0
0
0
0
0
0
4564
4709
4923
5218
5539
5939
6422
6932
7392
7798
8074
8292
8406
8503
8562
8552
8525
8466
8364
8258
8145
8026
7894
7811
7740
7697
7706
7737
7815
7929
8064
8248
8422
8653
8897
9137
9341
9549
9790
10036
10270
10481
10686
10860
11052
11200
11291
11419
11494
11584
11607
11674
11702
11620
11676
11608
11613
11571
11556
11441
11445
11333
11279
11190
11129
11049
10995
10944
10893
10825
10745
10719
10680
10669
10648
10626
10632
10643
10631
10650
10678
10702
10751
10783
10838
10899
10952
11006
11066
11158
11231
11312
11416
11475
11568
11631
11731
11808
11899
11993
12056
12163
12226
12269
12363
12407
12461
12513
12578
12613
12630
12665
12723
12761
12748
12787
12800
12791
12821
12825
12848
12834
12841
12851
12835
12838
12804
12785
12754
12770
12708
12672
12598
12598
12538
12477
12414
12373
12323
12242
12180
12141
12068
12023
11948
11914
11798
11736
11660
11652
11563
11450
11427
11344
11265
11140
11138
11069
10959
10885
10832
10751
10652
10654
10569
10478
10453
10405
10265
10239
10220
10138
10021
10017
9912
9924
9820
9856
9668
9669
9584
9579
9574
9452
0
0
0
0
0
0
0
0
0
0
0
0
0
0
0
0
0
0
0
0
0
0
0
0
0
0
0
0
0
0
0
0
0
0
0
0
0
0
0
0
0
0
0
0
0
0
0
0
0
0
0
0
0
0
0
0
0
0
301.5446839 3.297930197 -0.0001662079439 0 0
