STM Crolles data; Norm= 32020
nm
uR 350.97624 0.0 0.189100562 0.01
uR 354.269018 0.0 0.19868832 0.01
uR 357.561463 0.0 0.204403498 0.01
uR 360.853576 0.0 0.21364772 0.01
uR 364.145357 0.0 0.215708932 0.01
uR 367.436805 0.0 0.222767021 0.01
uR 370.72792 0.0 0.233541537 0.01
uR 374.018704 0.0 0.235852592 0.01
uR 377.309154 0.0 0.239444097 0.01
uR 380.599273 0.0 0.242504685 0.01
uR 383.889059 0.0 0.23963148 0.01
uR 387.178512 0.0 0.235103061 0.01
uR 390.467634 0.0 0.230949407 0.01
uR 393.756422 0.0 0.226514678 0.01
uR 397.044879 0.0 0.2233604 0.01
uR 400.333003 0.0 0.221861337 0.01
uR 403.620794 0.0 0.220612117 0.01
uR 406.908253 0.0 0.219394129 0.01
uR 410.19538 0.0 0.219831355 0.01
uR 413.482174 0.0 0.221049344 0.01
uR 416.768636 0.0 0.223547783 0.01
uR 420.054765 0.0 0.227982511 0.01
uR 423.340563 0.0 0.233916302 0.01
uR 426.626027 0.0 0.239943785 0.01
uR 429.911159 0.0 0.247220487 0.01
uR 433.195959 0.0 0.255496565 0.01
uR 436.480426 0.0 0.264428482 0.01
uR 439.764561 0.0 0.272610868 0.01
uR 443.048364 0.0 0.281574016 0.01
uR 446.331834 0.0 0.290818239 0.01
uR 449.614972 0.0 0.299562773 0.01
uR 452.897777 0.0 0.307370394 0.01
uR 456.18025 0.0 0.31492817 0.01
uR 459.46239 0.0 0.322236102 0.01
uR 462.744198 0.0 0.327982511 0.01
uR 466.025674 0.0 0.334259838 0.01
uR 469.306817 0.0 0.338819488 0.01
uR 472.587628 0.0 0.342098688 0.01
uR 475.868106 0.0 0.345284197 0.01
uR 479.148252 0.0 0.348594628 0.01
uR 482.428066 0.0 0.350187383 0.01
uR 485.707547 0.0 0.351374141 0.01
uR 488.986696 0.0 0.352373517 0.01
uR 492.265512 0.0 0.353341661 0.01
uR 495.543996 0.0 0.353497814 0.01
uR 498.822147 0.0 0.353123048 0.01
uR 502.099966 0.0 0.351530294 0.01
uR 505.377453 0.0 0.350249844 0.01
uR 508.654607 0.0 0.34937539 0.01
uR 511.931429 0.0 0.346252342 0.01
uR 515.207918 0.0 0.344472205 0.01
uR 518.484075 0.0 0.342004997 0.01
uR 521.7599 0.0 0.340068707 0.01
uR 525.035392 0.0 0.336414741 0.01
uR 528.310551 0.0 0.333885072 0.01
uR 531.585379 0.0 0.331261711 0.01
uR 534.859874 0.0 0.329044347 0.01
uR 538.134036 0.0 0.327232979 0.01
uR 541.407866 0.0 0.326171143 0.01
uR 544.681364 0.0 0.324578389 0.01
uR 547.954529 0.0 0.322923173 0.01
uR 551.227362 0.0 0.321549032 0.01
uR 554.499862 0.0 0.322329794 0.01
uR 557.77203 0.0 0.321549032 0.01
uR 561.043866 0.0 0.321517801 0.01
uR 564.315369 0.0 0.321611493 0.01
uR 567.58654 0.0 0.322579638 0.01
uR 570.857378 0.0 0.32339163 0.01
uR 574.127884 0.0 0.324765771 0.01
uR 577.398057 0.0 0.326077452 0.01
uR 580.667898 0.0 0.32795128 0.01
uR 583.937407 0.0 0.330574641 0.01
uR 587.206583 0.0 0.333572767 0.01
uR 590.475427 0.0 0.335883823 0.01
uR 593.743938 0.0 0.338850718 0.01
uR 597.012117 0.0 0.341942536 0.01
uR 600.279964 0.0 0.345690194 0.01
uR 603.547478 0.0 0.349500312 0.01
uR 606.81466 0.0 0.352966896 0.01
uR 610.081509 0.0 0.356433479 0.01
uR 613.348026 0.0 0.359618988 0.01
uR 616.61421 0.0 0.363772642 0.01
uR 619.880062 0.0 0.366364772 0.01
uR 623.145582 0.0 0.369987508 0.01
uR 626.410769 0.0 0.374172392 0.01
uR 629.675624 0.0 0.375765147 0.01
uR 632.940147 0.0 0.377826359 0.01
uR 636.204337 0.0 0.38116802 0.01
uR 639.468194 0.0 0.384041224 0.01
uR 642.731719 0.0 0.385571518 0.01
uR 645.994912 0.0 0.389069332 0.01
uR 649.257772 0.0 0.391474079 0.01
uR 652.5203 0.0 0.393129294 0.01
uR 655.782496 0.0 0.395971268 0.01
uR 659.044359 0.0 0.397439101 0.01
uR 662.305889 0.0 0.400281074 0.01
uR 665.567088 0.0 0.402373517 0.01
uR 668.827954 0.0 0.403529044 0.01
uR 672.088487 0.0 0.405059338 0.01
uR 675.348688 0.0 0.406121174 0.01
uR 678.608556 0.0 0.40649594 0.01
uR 681.868093 0.0 0.408557152 0.01
uR 685.127296 0.0 0.409056839 0.01
uR 688.386168 0.0 0.410149906 0.01
uR 691.644707 0.0 0.410243598 0.01
uR 694.902913 0.0 0.409806371 0.01
uR 698.160787 0.0 0.410649594 0.01
uR 701.418329 0.0 0.410868207 0.01
uR 704.675538 0.0 0.410212367 0.01
uR 707.932415 0.0 0.409306683 0.01
uR 711.188959 0.0 0.409025609 0.01
uR 714.445171 0.0 0.408775765 0.01
uR 717.701051 0.0 0.408151156 0.01
uR 720.956598 0.0 0.407432854 0.01
uR 724.211813 0.0 0.406402249 0.01
uR 727.466695 0.0 0.405621487 0.01
uR 730.721245 0.0 0.404715803 0.01
uR 733.975463 0.0 0.403341661 0.01
uR 737.229348 0.0 0.401811368 0.01
uR 740.4829 0.0 0.400593379 0.01
uR 743.736121 0.0 0.399063086 0.01
uR 746.989009 0.0 0.398157402 0.01
uR 750.241564 0.0 0.395159275 0.01
uR 753.493787 0.0 0.395034354 0.01
uR 756.745678 0.0 0.392754528 0.01
uR 759.997236 0.0 0.391630231 0.01
uR 763.248462 0.0 0.389975016 0.01
uR 766.499355 0.0 0.388382261 0.01
uR 769.749916 0.0 0.384728295 0.01
uR 773.000144 0.0 0.383916302 0.01
uR 776.25004 0.0 0.382042473 0.01
uR 779.499604 0.0 0.378513429 0.01
uR 782.748835 0.0 0.377139288 0.01
uR 785.997734 0.0 0.374297314 0.01
uR 789.246301 0.0 0.371986259 0.01
uR 792.494535 0.0 0.370049969 0.01
uR 795.742436 0.0 0.365802623 0.01
uR 798.990006 0.0 0.364678326 0.01
uR 802.237242 0.0 0.361617739 0.01
uR 805.484147 0.0 0.360306059 0.01
uR 808.730719 0.0 0.35646471 0.01
uR 811.976958 0.0 0.355028107 0.01
uR 815.222865 0.0 0.353123048 0.01
uR 818.46844 0.0 0.350281074 0.01
uR 821.713682 0.0 0.348844472 0.01
uR 824.958592 0.0 0.345377889 0.01
uR 828.20317 0.0 0.344034978 0.01
uR 831.447415 0.0 0.340443473 0.01
uR 834.691327 0.0 0.339163023 0.01
uR 837.934907 0.0 0.335915053 0.01
uR 841.178155 0.0 0.333354154 0.01
uR 844.42107 0.0 0.332136165 0.01
uR 847.663653 0.0 0.329169269 0.01
uR 850.905904 0.0 0.327545284 0.01
uR 854.147822 0.0 0.326858214 0.01
uR 857.389408 0.0 0.323579013 0.01
uR 860.630661 0.0 0.319987508 0.01
uR 863.871582 0.0 0.32014366 0.01
uR 867.11217 0.0 0.318550906 0.01
uR 870.352426 0.0 0.31620862 0.01
uR 873.59235 0.0 0.313772642 0.01
uR 876.831941 0.0 0.311992505 0.01
uR 880.0712 0.0 0.312554653 0.01
uR 883.310126 0.0 0.31036852 0.01
uR 886.54872 0.0 0.30846346 0.01
uR 889.786982 0.0 0.306933167 0.01
uR 893.024911 0.0 0.306058713 0.01
uR 896.262508 0.0 0.304747033 0.01
uR 899.499772 0.0 0.303435353 0.01
uR 902.736704 0.0 0.301717676 0.01
uR 905.973303 0.0 0.298469706 0.01
uR 909.209571 0.0 0.299812617 0.01
uR 912.445505 0.0 0.298094941 0.01
uR 915.681107 0.0 0.297751405 0.01
uR 918.916377 0.0 0.294753279 0.01
uR 922.151315 0.0 0.297189257 0.01
uR 925.38592 0.0 0.293660212 0.01
uR 928.620192 0.0 0.293878826 0.01
uR 931.854132 0.0 0.294472205 0.01
uR 935.08774 0.0 0.293222986 0.01
uR 938.321015 0.0 0.290724547 0.01
uR 941.553958 0.0 0.291349157 0.01
uR 944.786569 0.0 0.290131168 0.01
uR 948.018847 0.0 0.292816989 0.01
