;Experimental Spectrum (Polarization=): Lot "fin_q128mib" (298); Slot #10; Wafer "??" [9/21/11 1:07:27 PM]; MS Site #1; Die #8, ColRow[5,0]; Region Measurement Point #1; Point: (112036, -30377) - absolute; (3566, 57) - from die left-bottom corner; Focus Z: 3476 counts; MetrologyRecipe: "PROD\055\055PMD-TBOX4";
0
0
0
0
0
0
0
0
0
0
0
0
0
0
4326
4539
4726
5014
5295
5705
6187
6638
7065
7508
7744
7967
8069
8159
8226
8236
8206
8135
8054
7965
7844
7742
7636
7559
7496
7476
7503
7553
7639
7774
7924
8099
8299
8546
8796
9042
9262
9483
9728
9977
10182
10422
10653
10808
10970
11126
11285
11365
11471
11542
11598
11642
11663
11694
11647
11658
11652
11613
11601
11569
11524
11404
11353
11307
11235
11119
11077
11006
10976
10878
10819
10767
10777
10757
10718
10692
10702
10697
10727
10723
10798
10830
10852
10896
10950
11021
11062
11122
11154
11243
11329
11415
11496
11577
11660
11758
11839
11932
11997
12113
12189
12280
12321
12370
12454
12519
12570
12599
12657
12702
12728
12752
12822
12849
12875
12886
12931
12941
12952
12976
12978
12974
12961
12969
12983
12953
12976
12939
12913
12886
12859
12802
12730
12711
12663
12614
12521
12475
12447
12376
12363
12288
12219
12186
12097
12017
11949
11879
11795
11799
11681
11656
11533
11424
11406
11312
11234
11200
11086
10993
10954
10906
10822
10806
10712
10678
10627
10505
10514
10408
10350
10251
10142
10160
10106
10141
10023
10039
9903
9893
9843
9872
9861
9746
0
0
0
0
0
0
0
0
0
0
0
0
0
0
0
0
0
0
0
0
0
0
0
0
0
0
0
0
0
0
0
0
0
0
0
0
0
0
0
0
0
0
0
0
0
0
0
0
0
0
0
0
0
0
0
0
0
0
301.5446839 3.297930197 -0.0001662079439 0 0
