;Experimental Spectrum (Polarization=): Lot "fin_q122ncr" (297); Slot #10; Wafer "??" [9/21/11 12:27:51 PM]; MS Site #1; Die #12, ColRow[-4,-2]; Region Measurement Point #1; Point: (-104542, -95487) - absolute; (3569, 26) - from die left-bottom corner; Focus Z: 3166 counts; MetrologyRecipe: "PROD\055\055PMD-TBOX4";
0
0
0
0
0
0
0
0
0
0
0
0
0
0
4678
4791
5026
5275
5612
6051
6527
7077
7550
7942
8218
8426
8547
8646
8698
8707
8685
8606
8496
8387
8249
8131
8015
7895
7818
7769
7785
7780
7848
7978
8083
8247
8443
8655
8887
9133
9335
9547
9770
10036
10249
10452
10666
10871
11014
11174
11319
11383
11477
11574
11604
11668
11701
11668
11693
11629
11617
11569
11522
11480
11407
11326
11266
11227
11118
11035
10985
10907
10853
10806
10708
10679
10653
10610
10627
10586
10577
10565
10583
10591
10633
10646
10676
10718
10758
10831
10883
10935
10995
11048
11145
11204
11317
11393
11463
11538
11622
11712
11802
11886
11950
12056
12109
12162
12249
12294
12338
12404
12433
12474
12523
12539
12601
12635
12623
12643
12672
12695
12710
12699
12718
12727
12714
12729
12737
12720
12704
12654
12645
12642
12615
12548
12498
12473
12425
12349
12311
12278
12234
12140
12087
12027
11965
11919
11831
11807
11687
11602
11593
11581
11489
11354
11316
11242
11189
11063
11051
10948
10865
10777
10747
10674
10584
10573
10459
10432
10395
10221
10179
10119
10091
9980
9946
9908
9817
9807
9734
9781
9621
9559
9501
9453
9498
9361
0
0
0
0
0
0
0
0
0
0
0
0
0
0
0
0
0
0
0
0
0
0
0
0
0
0
0
0
0
0
0
0
0
0
0
0
0
0
0
0
0
0
0
0
0
0
0
0
0
0
0
0
0
0
0
0
0
0
301.5446839 3.297930197 -0.0001662079439 0 0
