;Experimental Spectrum (Polarization=): Lot "fin_q122ncr" (297); Slot #9; Wafer "??" [9/21/11 12:26:10 PM]; MS Site #1; Die #2, ColRow[3,0]; Region Measurement Point #1; Point: (64001, -30453) - absolute; (3578, 50) - from die left-bottom corner; Focus Z: 4083 counts; MetrologyRecipe: "PROD\055\055PMD-TBOX4";
0
0
0
0
0
0
0
0
0
0
0
0
0
0
5186
5541
5860
6100
6432
6737
7090
7447
7726
7931
7987
7990
7899
7812
7731
7637
7513
7403
7319
7251
7199
7201
7218
7308
7408
7578
7777
7963
8193
8475
8728
9001
9288
9567
9824
10074
10259
10450
10642
10826
10970
11111
11251
11325
11384
11428
11510
11454
11482
11469
11452
11397
11399
11310
11226
11149
11129
11020
10953
10920
10905
10773
10721
10686
10614
10581
10560
10506
10493
10497
10461
10471
10523
10583
10599
10642
10743
10811
10881
10952
11061
11106
11240
11334
11421
11486
11601
11689
11749
11825
11925
12015
12103
12185
12279
12357
12441
12480
12575
12631
12695
12751
12776
12832
12892
12909
12914
12930
12956
12962
12934
12977
12961
12969
12939
12952
12950
12956
12905
12897
12882
12824
12819
12807
12777
12742
12690
12630
12596
12563
12477
12399
12333
12310
12184
12143
12059
11981
11937
11848
11815
11733
11655
11584
11550
11434
11342
11259
11203
11167
11031
10976
10862
10825
10770
10639
10567
10509
10503
10385
10337
10305
10275
10159
10144
10100
10030
10038
9909
9869
9830
9805
9763
9636
9579
9648
9577
9540
9441
9386
9478
9388
9428
9439
0
0
0
0
0
0
0
0
0
0
0
0
0
0
0
0
0
0
0
0
0
0
0
0
0
0
0
0
0
0
0
0
0
0
0
0
0
0
0
0
0
0
0
0
0
0
0
0
0
0
0
0
0
0
0
0
0
0
301.5446839 3.297930197 -0.0001662079439 0 0
