;Experimental Spectrum (Polarization=): Lot "fin_q122ncr" (297); Slot #10; Wafer "??" [9/21/11 12:27:51 PM]; MS Site #1; Die #16, ColRow[2,4]; Region Measurement Point #1; Point: (39673, 98877) - absolute; (3556, 61) - from die left-bottom corner; Focus Z: 3405 counts; MetrologyRecipe: "PROD\055\055PMD-TBOX4";
0
0
0
0
0
0
0
0
0
0
0
0
0
0
4381
4556
4804
5083
5406
5806
6225
6689
7108
7450
7683
7823
7905
7945
7951
7937
7888
7808
7696
7587
7460
7372
7303
7237
7218
7233
7292
7362
7477
7652
7806
8028
8265
8502
8781
9030
9247
9443
9708
9929
10133
10331
10556
10718
10850
11029
11165
11225
11306
11350
11382
11436
11460
11433
11463
11371
11379
11346
11295
11271
11193
11125
11079
11052
10910
10860
10808
10742
10694
10643
10562
10531
10519
10528
10536
10498
10532
10575
10600
10625
10702
10714
10796
10842
10892
10966
11046
11112
11173
11260
11350
11410
11518
11594
11676
11766
11844
11944
12004
12087
12154
12253
12312
12368
12433
12486
12519
12578
12588
12628
12648
12685
12722
12748
12761
12780
12817
12783
12805
12813
12839
12797
12790
12791
12800
12786
12772
12732
12717
12675
12640
12566
12520
12510
12435
12352
12313
12240
12227
12126
12091
12038
11960
11905
11880
11805
11698
11603
11607
11539
11443
11351
11313
11208
11168
11054
10984
10921
10858
10744
10686
10670
10557
10579
10457
10440
10369
10289
10221
10213
10100
10080
10001
9874
9904
9867
9844
9800
9710
9659
9579
9552
9552
9411
0
0
0
0
0
0
0
0
0
0
0
0
0
0
0
0
0
0
0
0
0
0
0
0
0
0
0
0
0
0
0
0
0
0
0
0
0
0
0
0
0
0
0
0
0
0
0
0
0
0
0
0
0
0
0
0
0
0
301.5446839 3.297930197 -0.0001662079439 0 0
