;Experimental Spectrum (Polarization=): Lot "q125pap-fin" (295); Slot #10; Wafer "??" [9/21/11 4:22:53 AM]; MS Site #1; Die #8, ColRow[5,0]; Region Measurement Point #1; Point: (111838, -30289) - absolute; (3569, 53) - from die left-bottom corner; Focus Z: 3530 counts; MetrologyRecipe: "PROD\055\055PMD-TBOX4";
0
0
0
0
0
0
0
0
0
0
0
0
0
0
4573
4850
5123
5430
5742
6132
6552
6952
7353
7669
7834
7966
7988
7973
7969
7906
7836
7746
7638
7536
7439
7376
7313
7295
7310
7366
7470
7581
7757
7969
8178
8416
8647
8927
9210
9466
9674
9887
10137
10345
10547
10725
10912
11043
11199
11331
11377
11463
11498
11546
11541
11574
11496
11497
11487
11385
11387
11318
11341
11214
11220
11089
11047
10993
10917
10834
10790
10731
10729
10647
10620
10609
10601
10605
10619
10657
10671
10702
10741
10803
10855
10907
10995
11032
11116
11215
11269
11342
11437
11526
11612
11688
11799
11855
11960
12049
12142
12195
12279
12390
12445
12522
12595
12626
12702
12748
12774
12821
12864
12896
12894
12898
12948
12979
12976
13009
13016
13000
12985
13001
13024
12980
12973
12982
12963
12937
12925
12880
12847
12812
12763
12681
12619
12628
12537
12474
12375
12311
12287
12188
12175
12096
12027
11976
11922
11843
11728
11658
11575
11559
11480
11401
11307
11199
11187
11099
11012
10990
10867
10829
10711
10638
10607
10560
10495
10404
10363
10387
10213
10232
10185
10112
9993
10033
9991
9925
9894
9849
9753
9793
9719
9680
9706
9555
0
0
0
0
0
0
0
0
0
0
0
0
0
0
0
0
0
0
0
0
0
0
0
0
0
0
0
0
0
0
0
0
0
0
0
0
0
0
0
0
0
0
0
0
0
0
0
0
0
0
0
0
0
0
0
0
0
0
301.5446839 3.297930197 -0.0001662079439 0 0
