;Experimental Spectrum (Polarization=): Lot "q125pap-fin" (295); Slot #9; Wafer "??" [9/21/11 4:21:19 AM]; MS Site #1; Die #2, ColRow[3,0]; Region Measurement Point #1; Point: (63757, -30702) - absolute; (3574, 46) - from die left-bottom corner; Focus Z: 3920 counts; MetrologyRecipe: "PROD\055\055PMD-TBOX4";
0
0
0
0
0
0
0
0
0
0
0
0
0
0
5177
5532
5858
6133
6450
6776
7120
7493
7755
7958
8028
8014
7946
7828
7774
7654
7534
7432
7350
7278
7227
7221
7248
7335
7438
7603
7788
7980
8199
8475
8730
9001
9284
9583
9829
10070
10259
10445
10643
10824
10962
11096
11231
11338
11377
11446
11495
11493
11474
11453
11486
11414
11339
11271
11206
11142
11100
11042
10945
10901
10875
10746
10717
10674
10587
10536
10529
10510
10512
10474
10437
10460
10516
10528
10606
10645
10710
10798
10857
10936
11045
11115
11208
11313
11402
11480
11561
11659
11748
11806
11919
11998
12088
12179
12279
12336
12429
12470
12565
12628
12693
12737
12775
12839
12875
12912
12914
12936
12977
12979
12963
12968
12964
12970
12969
12951
12955
12966
12917
12898
12902
12846
12845
12825
12781
12741
12694
12660
12601
12564
12492
12419
12335
12298
12207
12186
12038
12013
11937
11848
11805
11763
11672
11593
11527
11461
11337
11258
11212
11188
11051
10990
10879
10844
10753
10690
10592
10566
10506
10389
10349
10310
10236
10226
10093
10131
10030
10004
9887
9918
9831
9820
9754
9647
9605
9627
9565
9559
9509
9467
9459
9446
9438
9325
0
0
0
0
0
0
0
0
0
0
0
0
0
0
0
0
0
0
0
0
0
0
0
0
0
0
0
0
0
0
0
0
0
0
0
0
0
0
0
0
0
0
0
0
0
0
0
0
0
0
0
0
0
0
0
0
0
0
301.5446839 3.297930197 -0.0001662079439 0 0
