;Experimental Spectrum (Polarization=): Lot "fin_q122ncr" (297); Slot #9; Wafer "??" [9/21/11 12:26:10 PM]; MS Site #1; Die #17, ColRow[4,2]; Region Measurement Point #1; Point: (88029, 34336) - absolute; (3568, 63) - from die left-bottom corner; Focus Z: 3892 counts; MetrologyRecipe: "PROD\055\055PMD-TBOX4";
0
0
0
0
0
0
0
0
0
0
0
0
0
0
4610
4830
5167
5416
5785
6155
6647
7052
7445
7801
8009
8093
8144
8127
8113
8088
7994
7891
7769
7675
7545
7472
7394
7353
7344
7388
7479
7577
7719
7911
8097
8345
8577
8862
9114
9380
9589
9815
10042
10260
10483
10672
10856
10994
11131
11251
11377
11441
11479
11546
11554
11582
11634
11600
11514
11484
11452
11402
11379
11323
11279
11176
11112
11060
11014
10901
10862
10809
10774
10707
10630
10616
10620
10609
10616
10636
10663
10688
10747
10795
10843
10886
10986
11026
11089
11185
11232
11333
11369
11456
11547
11618
11733
11789
11920
11995
12097
12148
12246
12301
12380
12452
12519
12557
12604
12664
12697
12744
12760
12799
12801
12848
12870
12874
12893
12905
12910
12917
12914
12932
12923
12890
12872
12891
12867
12862
12837
12776
12759
12753
12688
12603
12557
12532
12427
12370
12310
12236
12224
12155
12105
12011
11953
11911
11845
11765
11665
11592
11562
11533
11379
11330
11225
11164
11100
11022
10931
10856
10818
10716
10686
10567
10578
10425
10461
10356
10342
10245
10144
10075
10079
10043
9994
9893
9821
9866
9750
9802
9641
9700
9699
9642
9585
9627
0
0
0
0
0
0
0
0
0
0
0
0
0
0
0
0
0
0
0
0
0
0
0
0
0
0
0
0
0
0
0
0
0
0
0
0
0
0
0
0
0
0
0
0
0
0
0
0
0
0
0
0
0
0
0
0
0
0
301.5446839 3.297930197 -0.0001662079439 0 0
