;Experimental Spectrum (Polarization=): Lot "fin_q128mib" (298); Slot #9; Wafer "??" [9/21/11 1:05:31 PM]; MS Site #1; Die #2, ColRow[3,0]; Region Measurement Point #1; Point: (63972, -30494) - absolute; (3572, 34) - from die left-bottom corner; Focus Z: 3791 counts; MetrologyRecipe: "PROD\055\055PMD-TBOX4";
0
0
0
0
0
0
0
0
0
0
0
0
0
0
5152
5419
5800
6088
6402
6747
7121
7440
7743
7957
8061
8005
7965
7870
7790
7680
7567
7463
7359
7291
7229
7227
7243
7306
7399
7560
7730
7926
8163
8412
8673
8946
9204
9501
9756
9987
10194
10373
10575
10737
10900
11040
11175
11250
11307
11372
11431
11410
11416
11379
11387
11354
11303
11281
11211
11138
11133
10984
10934
10896
10836
10731
10664
10627
10575
10523
10511
10457
10445
10418
10423
10429
10467
10503
10531
10604
10665
10709
10806
10874
10970
11081
11146
11250
11331
11402
11492
11585
11665
11762
11848
11938
12020
12100
12200
12259
12340
12402
12463
12570
12602
12670
12708
12741
12820
12844
12856
12852
12894
12891
12894
12936
12923
12928
12915
12904
12907
12905
12878
12850
12849
12796
12788
12764
12763
12693
12665
12624
12590
12525
12472
12397
12313
12279
12184
12148
11998
11992
11914
11841
11808
11699
11636
11576
11530
11435
11332
11257
11166
11121
11057
10956
10875
10795
10724
10674
10603
10563
10455
10376
10339
10308
10221
10204
10091
10067
9954
9995
9921
9899
9761
9751
9736
9621
9606
9599
9582
9528
9511
9397
9472
9442
9333
9337
0
0
0
0
0
0
0
0
0
0
0
0
0
0
0
0
0
0
0
0
0
0
0
0
0
0
0
0
0
0
0
0
0
0
0
0
0
0
0
0
0
0
0
0
0
0
0
0
0
0
0
0
0
0
0
0
0
0
301.5446839 3.297930197 -0.0001662079439 0 0
