;Experimental Spectrum (Polarization=): Lot "fin_q122ncr" (297); Slot #9; Wafer "??" [9/21/11 12:26:10 PM]; MS Site #1; Die #9, ColRow[4,-2]; Region Measurement Point #1; Point: (88034, -95216) - absolute; (3573, 62) - from die left-bottom corner; Focus Z: 2881 counts; MetrologyRecipe: "PROD\055\055PMD-TBOX4";
0
0
0
0
0
0
0
0
0
0
0
0
0
0
4254
4359
4523
4743
5035
5402
5878
6339
6783
7220
7525
7749
7926
8033
8126
8170
8168
8132
8074
7987
7866
7779
7650
7563
7481
7438
7434
7435
7484
7586
7686
7854
8033
8247
8467
8706
8915
9129
9368
9614
9859
10087
10311
10506
10677
10844
10997
11141
11218
11323
11422
11466
11550
11556
11538
11506
11513
11474
11502
11432
11418
11300
11271
11218
11184
11084
11032
10933
10898
10851
10748
10717
10698
10643
10630
10617
10611
10606
10620
10622
10631
10641
10688
10733
10762
10835
10873
10927
10952
11026
11105
11170
11278
11340
11428
11522
11616
11673
11767
11862
11925
12023
12075
12134
12197
12272
12321
12384
12428
12490
12506
12553
12616
12662
12646
12691
12708
12728
12721
12782
12787
12774
12784
12826
12806
12801
12794
12753
12750
12743
12698
12657
12633
12598
12526
12488
12437
12401
12346
12294
12262
12219
12136
12076
12020
11950
11858
11821
11763
11748
11627
11563
11475
11448
11363
11294
11186
11112
11088
10989
10978
10858
10813
10714
10709
10643
10551
10472
10379
10361
10303
10254
10134
10150
10030
10070
9961
9915
9888
9825
9793
9700
9735
9605
0
0
0
0
0
0
0
0
0
0
0
0
0
0
0
0
0
0
0
0
0
0
0
0
0
0
0
0
0
0
0
0
0
0
0
0
0
0
0
0
0
0
0
0
0
0
0
0
0
0
0
0
0
0
0
0
0
0
301.5446839 3.297930197 -0.0001662079439 0 0
