;Experimental Spectrum (Polarization=): Lot "fin_q122ncr" (297); Slot #10; Wafer "??" [9/21/11 12:27:51 PM]; MS Site #1; Die #4, ColRow[-2,-1]; Region Measurement Point #1; Point: (-56469, -63093) - absolute; (3565, 31) - from die left-bottom corner; Focus Z: 3972 counts; MetrologyRecipe: "PROD\055\055PMD-TBOX4";
0
0
0
0
0
0
0
0
0
0
0
0
0
0
5074
5407
5692
5988
6258
6641
6973
7357
7667
7845
7934
7949
7889
7822
7740
7660
7544
7438
7324
7255
7207
7185
7216
7258
7345
7479
7675
7853
8082
8356
8590
8883
9147
9423
9697
9947
10147
10342
10550
10746
10894
11037
11184
11280
11359
11472
11482
11501
11507
11515
11432
11459
11396
11343
11240
11162
11096
11050
10989
10935
10886
10775
10732
10689
10614
10559
10524
10512
10488
10476
10426
10459
10517
10526
10626
10646
10672
10764
10800
10894
11014
11064
11173
11264
11354
11452
11538
11594
11679
11791
11868
11959
12057
12127
12211
12283
12370
12447
12505
12582
12637
12717
12764
12818
12862
12880
12918
12951
12958
12965
12975
12961
12992
13005
12984
12959
12958
12968
12949
12932
12901
12870
12865
12818
12824
12767
12758
12681
12647
12621
12569
12497
12406
12356
12274
12197
12151
12070
12019
11916
11873
11788
11735
11670
11601
11553
11416
11334
11294
11279
11181
11087
11007
10943
10902
10760
10717
10684
10564
10523
10421
10420
10337
10286
10226
10193
10103
10032
9985
9914
9842
9837
9784
9753
9624
9655
9663
9668
9493
9515
9530
9482
9549
9429
0
0
0
0
0
0
0
0
0
0
0
0
0
0
0
0
0
0
0
0
0
0
0
0
0
0
0
0
0
0
0
0
0
0
0
0
0
0
0
0
0
0
0
0
0
0
0
0
0
0
0
0
0
0
0
0
0
0
301.5446839 3.297930197 -0.0001662079439 0 0
