;Experimental Spectrum (Polarization=): Lot "fin_q128mib" (298); Slot #10; Wafer "??" [9/21/11 1:07:27 PM]; MS Site #1; Die #4, ColRow[-2,-1]; Region Measurement Point #1; Point: (-56228, -62790) - absolute; (3568, 32) - from die left-bottom corner; Focus Z: 3938 counts; MetrologyRecipe: "PROD\055\055PMD-TBOX4";
0
0
0
0
0
0
0
0
0
0
0
0
0
0
4916
5170
5522
5839
6101
6499
6910
7285
7621
7886
7990
8015
7981
7944
7884
7797
7712
7581
7475
7398
7324
7282
7266
7306
7349
7463
7606
7801
7999
8248
8479
8744
9007
9303
9565
9810
10019
10232
10441
10653
10810
10945
11123
11238
11331
11413
11493
11527
11533
11530
11536
11512
11449
11452
11333
11278
11240
11161
11108
11053
11010
10892
10864
10771
10708
10657
10605
10570
10556
10508
10462
10476
10531
10529
10577
10605
10650
10714
10775
10821
10934
10997
11084
11159
11261
11345
11412
11497
11558
11673
11752
11850
11936
12031
12112
12187
12286
12349
12428
12517
12570
12660
12693
12743
12814
12824
12868
12877
12908
12933
12941
12939
12963
12973
12988
12969
12976
12991
12968
12972
12949
12931
12901
12881
12857
12825
12811
12758
12728
12703
12620
12563
12487
12413
12363
12294
12233
12164
12117
12038
11956
11905
11815
11785
11697
11626
11527
11442
11367
11382
11239
11179
11114
11029
11002
10854
10786
10766
10667
10583
10521
10502
10414
10388
10298
10250
10303
10099
10124
9973
9899
9903
9874
9836
9710
9744
9711
9729
9642
9617
9536
9530
9546
9457
0
0
0
0
0
0
0
0
0
0
0
0
0
0
0
0
0
0
0
0
0
0
0
0
0
0
0
0
0
0
0
0
0
0
0
0
0
0
0
0
0
0
0
0
0
0
0
0
0
0
0
0
0
0
0
0
0
0
301.5446839 3.297930197 -0.0001662079439 0 0
