;Experimental Spectrum (Polarization=): Lot "fin_q122ncr" (297); Slot #10; Wafer "??" [9/21/11 12:27:51 PM]; MS Site #1; Die #15, ColRow[-2,4]; Region Measurement Point #1; Point: (-56459, 98890) - absolute; (3576, 74) - from die left-bottom corner; Focus Z: 3497 counts; MetrologyRecipe: "PROD\055\055PMD-TBOX4";
0
0
0
0
0
0
0
0
0
0
0
0
0
0
4223
4325
4475
4677
4953
5331
5746
6261
6724
7110
7444
7693
7882
7995
8093
8133
8173
8142
8058
7994
7871
7774
7679
7556
7476
7418
7423
7407
7448
7544
7643
7784
7959
8167
8397
8610
8839
9034
9286
9530
9748
9960
10228
10441
10605
10798
10972
11075
11200
11322
11376
11475
11516
11571
11567
11559
11557
11571
11520
11534
11479
11412
11369
11321
11226
11175
11112
11032
10976
10913
10826
10787
10739
10720
10712
10649
10653
10628
10646
10659
10668
10677
10721
10737
10775
10815
10869
10917
10989
11038
11114
11149
11260
11322
11414
11485
11568
11664
11719
11826
11882
12002
12050
12111
12190
12249
12292
12365
12389
12451
12502
12525
12592
12625
12644
12672
12701
12717
12746
12757
12771
12795
12786
12792
12819
12814
12802
12783
12761
12749
12711
12664
12626
12625
12541
12486
12440
12385
12393
12281
12268
12227
12155
12091
12060
12007
11907
11803
11798
11753
11685
11588
11547
11444
11392
11303
11215
11179
11101
10999
10914
10944
10819
10805
10682
10661
10602
10526
10473
10387
10304
10269
10223
10143
10088
10047
10055
9949
9924
9845
9800
9776
9829
9727
0
0
0
0
0
0
0
0
0
0
0
0
0
0
0
0
0
0
0
0
0
0
0
0
0
0
0
0
0
0
0
0
0
0
0
0
0
0
0
0
0
0
0
0
0
0
0
0
0
0
0
0
0
0
0
0
0
0
301.5446839 3.297930197 -0.0001662079439 0 0
