STM Crolles data; Norm= 32020
nm
uR 350.97624 0.0 0.188632105 0.01
uR 354.269018 0.0 0.184197377 0.01
uR 357.561463 0.0 0.177670206 0.01
uR 360.853576 0.0 0.17923173 0.01
uR 364.145357 0.0 0.177826359 0.01
uR 367.436805 0.0 0.176545909 0.01
uR 370.72792 0.0 0.178232355 0.01
uR 374.018704 0.0 0.182323548 0.01
uR 377.309154 0.0 0.183354154 0.01
uR 380.599273 0.0 0.189069332 0.01
uR 383.889059 0.0 0.194378513 0.01
uR 387.178512 0.0 0.197282948 0.01
uR 390.467634 0.0 0.203372892 0.01
uR 393.756422 0.0 0.209431605 0.01
uR 397.044879 0.0 0.216833229 0.01
uR 400.333003 0.0 0.22470331 0.01
uR 403.620794 0.0 0.2350406 0.01
uR 406.908253 0.0 0.24478451 0.01
uR 410.19538 0.0 0.254122423 0.01
uR 413.482174 0.0 0.26233604 0.01
uR 416.768636 0.0 0.270643348 0.01
uR 420.054765 0.0 0.279356652 0.01
uR 423.340563 0.0 0.287257964 0.01
uR 426.626027 0.0 0.293972517 0.01
uR 429.911159 0.0 0.301093067 0.01
uR 433.195959 0.0 0.305902561 0.01
uR 436.480426 0.0 0.311648969 0.01
uR 439.764561 0.0 0.315146783 0.01
uR 443.048364 0.0 0.319144285 0.01
uR 446.331834 0.0 0.322298563 0.01
uR 449.614972 0.0 0.324078701 0.01
uR 452.897777 0.0 0.324484697 0.01
uR 456.18025 0.0 0.325733916 0.01
uR 459.46239 0.0 0.32529669 0.01
uR 462.744198 0.0 0.324859463 0.01
uR 466.025674 0.0 0.324203623 0.01
uR 469.306817 0.0 0.32270456 0.01
uR 472.587628 0.0 0.320861961 0.01
uR 475.868106 0.0 0.318582136 0.01
uR 479.148252 0.0 0.316271081 0.01
uR 482.428066 0.0 0.313522798 0.01
uR 485.707547 0.0 0.311367895 0.01
uR 488.986696 0.0 0.308994379 0.01
uR 492.265512 0.0 0.306901936 0.01
uR 495.543996 0.0 0.305153029 0.01
uR 498.822147 0.0 0.30324797 0.01
uR 502.099966 0.0 0.302248595 0.01
uR 505.377453 0.0 0.301249219 0.01
uR 508.654607 0.0 0.29937539 0.01
uR 511.931429 0.0 0.299219238 0.01
uR 515.207918 0.0 0.30003123 0.01
uR 518.484075 0.0 0.3 0.01
uR 521.7599 0.0 0.301342911 0.01
uR 525.035392 0.0 0.302123673 0.01
uR 528.310551 0.0 0.303310431 0.01
uR 531.585379 0.0 0.304965646 0.01
uR 534.859874 0.0 0.30780762 0.01
uR 538.134036 0.0 0.311617739 0.01
uR 541.407866 0.0 0.31361649 0.01
uR 544.681364 0.0 0.316364772 0.01
uR 547.954529 0.0 0.321267958 0.01
uR 551.227362 0.0 0.325202998 0.01
uR 554.499862 0.0 0.328856964 0.01
uR 557.77203 0.0 0.333073079 0.01
uR 561.043866 0.0 0.337695191 0.01
uR 564.315369 0.0 0.341161774 0.01
uR 567.58654 0.0 0.345783885 0.01
uR 570.857378 0.0 0.349406621 0.01
uR 574.127884 0.0 0.35452842 0.01
uR 577.398057 0.0 0.359462836 0.01
uR 580.667898 0.0 0.362648345 0.01
uR 583.937407 0.0 0.366801999 0.01
uR 587.206583 0.0 0.370986883 0.01
uR 590.475427 0.0 0.375359151 0.01
uR 593.743938 0.0 0.379450344 0.01
uR 597.012117 0.0 0.383322923 0.01
uR 600.279964 0.0 0.386976889 0.01
uR 603.547478 0.0 0.390943161 0.01
uR 606.81466 0.0 0.393972517 0.01
uR 610.081509 0.0 0.396377264 0.01
uR 613.348026 0.0 0.39996877 0.01
uR 616.61421 0.0 0.401030606 0.01
uR 619.880062 0.0 0.404622111 0.01
uR 623.145582 0.0 0.404840725 0.01
uR 626.410769 0.0 0.407464085 0.01
uR 629.675624 0.0 0.408525921 0.01
uR 632.940147 0.0 0.409337914 0.01
uR 636.204337 0.0 0.409868832 0.01
uR 639.468194 0.0 0.410056215 0.01
uR 642.731719 0.0 0.409775141 0.01
uR 645.994912 0.0 0.410680824 0.01
uR 649.257772 0.0 0.412304809 0.01
uR 652.5203 0.0 0.411430356 0.01
uR 655.782496 0.0 0.411742661 0.01
uR 659.044359 0.0 0.412023735 0.01
uR 662.305889 0.0 0.412273579 0.01
uR 665.567088 0.0 0.411524047 0.01
uR 668.827954 0.0 0.411242973 0.01
uR 672.088487 0.0 0.410181137 0.01
uR 675.348688 0.0 0.409868832 0.01
uR 678.608556 0.0 0.408682074 0.01
uR 681.868093 0.0 0.407370394 0.01
uR 685.127296 0.0 0.406308557 0.01
uR 688.386168 0.0 0.404372267 0.01
uR 691.644707 0.0 0.40321674 0.01
uR 694.902913 0.0 0.401217989 0.01
uR 698.160787 0.0 0.399625234 0.01
uR 701.418329 0.0 0.398657089 0.01
uR 704.675538 0.0 0.396283573 0.01
uR 707.932415 0.0 0.394034978 0.01
uR 711.188959 0.0 0.391942536 0.01
uR 714.445171 0.0 0.389787633 0.01
uR 717.701051 0.0 0.387882573 0.01
uR 720.956598 0.0 0.385977514 0.01
uR 724.211813 0.0 0.38376015 0.01
uR 727.466695 0.0 0.381230481 0.01
uR 730.721245 0.0 0.378856964 0.01
uR 733.975463 0.0 0.376483448 0.01
uR 737.229348 0.0 0.37470331 0.01
uR 740.4829 0.0 0.372548407 0.01
uR 743.736121 0.0 0.371018114 0.01
uR 746.989009 0.0 0.368301062 0.01
uR 750.241564 0.0 0.365646471 0.01
uR 753.493787 0.0 0.363397876 0.01
uR 756.745678 0.0 0.362117427 0.01
uR 759.997236 0.0 0.359525297 0.01
uR 763.248462 0.0 0.357526546 0.01
uR 766.499355 0.0 0.355059338 0.01
uR 769.749916 0.0 0.352904435 0.01
uR 773.000144 0.0 0.350968145 0.01
uR 776.25004 0.0 0.347876327 0.01
uR 779.499604 0.0 0.346346034 0.01
uR 782.748835 0.0 0.3441599 0.01
uR 785.997734 0.0 0.341349157 0.01
uR 789.246301 0.0 0.339287945 0.01
uR 792.494535 0.0 0.337257964 0.01
uR 795.742436 0.0 0.334353529 0.01
uR 798.990006 0.0 0.333073079 0.01
uR 802.237242 0.0 0.33116802 0.01
uR 805.484147 0.0 0.329169269 0.01
uR 808.730719 0.0 0.327451593 0.01
uR 811.976958 0.0 0.325827608 0.01
uR 815.222865 0.0 0.324547158 0.01
uR 818.46844 0.0 0.32339163 0.01
uR 821.713682 0.0 0.321236727 0.01
uR 824.958592 0.0 0.320299813 0.01
uR 828.20317 0.0 0.318301062 0.01
uR 831.447415 0.0 0.316364772 0.01
uR 834.691327 0.0 0.315396627 0.01
uR 837.934907 0.0 0.315271705 0.01
uR 841.178155 0.0 0.312929419 0.01
uR 844.42107 0.0 0.312554653 0.01
uR 847.663653 0.0 0.310181137 0.01
uR 850.905904 0.0 0.309056839 0.01
uR 854.147822 0.0 0.309431605 0.01
uR 857.389408 0.0 0.308151156 0.01
uR 860.630661 0.0 0.306558401 0.01
uR 863.871582 0.0 0.305808869 0.01
uR 867.11217 0.0 0.305340412 0.01
uR 870.352426 0.0 0.304653342 0.01
uR 873.59235 0.0 0.30521549 0.01
uR 876.831941 0.0 0.302029981 0.01
uR 880.0712 0.0 0.30387258 0.01
uR 883.310126 0.0 0.302092442 0.01
uR 886.54872 0.0 0.302435978 0.01
uR 889.786982 0.0 0.3032792 0.01
uR 893.024911 0.0 0.300936914 0.01
uR 896.262508 0.0 0.301405372 0.01
uR 899.499772 0.0 0.302998126 0.01
uR 902.736704 0.0 0.301061836 0.01
uR 905.973303 0.0 0.299188007 0.01
uR 909.209571 0.0 0.303404122 0.01
uR 912.445505 0.0 0.300437227 0.01
uR 915.681107 0.0 0.300062461 0.01
uR 918.916377 0.0 0.301499063 0.01
uR 922.151315 0.0 0.299437851 0.01
uR 925.38592 0.0 0.301342911 0.01
uR 928.620192 0.0 0.301905059 0.01
uR 931.854132 0.0 0.296658339 0.01
uR 935.08774 0.0 0.303497814 0.01
uR 938.321015 0.0 0.300218613 0.01
uR 941.553958 0.0 0.305028107 0.01
uR 944.786569 0.0 0.304184884 0.01
uR 948.018847 0.0 0.304840725 0.01
