;Experimental Spectrum (Polarization=): Lot "q125pap-fin" (295); Slot #9; Wafer "??" [9/21/11 4:21:19 AM]; MS Site #1; Die #5, ColRow[-3,1]; Region Measurement Point #1; Point: (-80475, 1674) - absolute; (3570, 34) - from die left-bottom corner; Focus Z: 4004 counts; MetrologyRecipe: "PROD\055\055PMD-TBOX4";
0
0
0
0
0
0
0
0
0
0
0
0
0
0
4692
4972
5295
5573
5901
6292
6715
7169
7550
7862
8050
8118
8150
8128
8129
8063
7956
7860
7742
7631
7526
7451
7378
7357
7369
7432
7508
7635
7769
7984
8191
8436
8683
8961
9229
9481
9702
9917
10155
10370
10581
10733
10933
11078
11218
11343
11441
11506
11527
11605
11603
11575
11507
11562
11427
11462
11405
11364
11298
11221
11194
11095
11020
10962
10855
10810
10777
10725
10697
10619
10571
10553
10577
10557
10583
10584
10628
10652
10679
10743
10831
10866
10947
11018
11077
11177
11226
11289
11388
11447
11534
11630
11716
11827
11915
11965
12073
12129
12217
12319
12364
12445
12489
12560
12645
12677
12714
12733
12783
12811
12809
12833
12851
12871
12866
12869
12892
12902
12895
12880
12904
12870
12861
12854
12807
12797
12766
12738
12712
12698
12639
12585
12511
12487
12397
12353
12251
12207
12133
12069
12001
11969
11896
11803
11727
11698
11572
11506
11452
11437
11295
11256
11135
11108
11005
10954
10875
10813
10727
10656
10624
10561
10498
10445
10336
10331
10205
10160
10074
10065
10003
9913
9929
9819
9753
9786
9709
9662
9658
9665
9634
9540
9529
9342
0
0
0
0
0
0
0
0
0
0
0
0
0
0
0
0
0
0
0
0
0
0
0
0
0
0
0
0
0
0
0
0
0
0
0
0
0
0
0
0
0
0
0
0
0
0
0
0
0
0
0
0
0
0
0
0
0
0
301.5446839 3.297930197 -0.0001662079439 0 0
