;Experimental Spectrum (Polarization=): Lot "q125pap-fin" (295); Slot #10; Wafer "??" [9/21/11 4:22:53 AM]; MS Site #1; Die #7, ColRow[2,2]; Region Measurement Point #1; Point: (39716, 34482) - absolute; (3561, 47) - from die left-bottom corner; Focus Z: 4171 counts; MetrologyRecipe: "PROD\055\055PMD-TBOX4";
0
0
0
0
0
0
0
0
0
0
0
0
0
0
5329
5657
5947
6173
6424
6679
6962
7221
7466
7602
7602
7567
7464
7340
7227
7136
7055
6963
6917
6894
6905
6963
7034
7183
7356
7546
7778
8017
8271
8577
8835
9136
9397
9668
9931
10147
10321
10477
10658
10803
10931
11028
11130
11201
11263
11337
11345
11349
11314
11308
11234
11197
11125
11031
11020
10899
10872
10792
10826
10689
10670
10591
10589
10546
10515
10472
10448
10478
10489
10467
10465
10517
10566
10615
10701
10766
10831
10925
11032
11135
11244
11313
11446
11538
11594
11758
11806
11911
11987
12075
12159
12255
12355
12379
12493
12563
12636
12693
12783
12853
12875
12964
13012
13014
13057
13082
13078
13083
13108
13095
13060
13053
13073
13068
13047
13047
13042
12983
12993
12965
12942
12887
12863
12842
12786
12750
12705
12661
12602
12585
12506
12412
12329
12300
12186
12106
12024
11952
11892
11797
11780
11661
11593
11570
11520
11425
11330
11204
11163
11113
11035
10930
10862
10777
10711
10627
10585
10531
10460
10381
10326
10271
10269
10164
10135
10086
10021
10024
9909
9869
9923
9786
9775
9658
9702
9647
9602
9637
9525
9660
9508
9618
9521
9455
0
0
0
0
0
0
0
0
0
0
0
0
0
0
0
0
0
0
0
0
0
0
0
0
0
0
0
0
0
0
0
0
0
0
0
0
0
0
0
0
0
0
0
0
0
0
0
0
0
0
0
0
0
0
0
0
0
0
301.5446839 3.297930197 -0.0001662079439 0 0
