STM Crolles data; Norm= 32020
nm
uR 350.97624 0.0 0.193722673 0.01
uR 354.269018 0.0 0.192348532 0.01
uR 357.561463 0.0 0.190381012 0.01
uR 360.853576 0.0 0.188600874 0.01
uR 364.145357 0.0 0.184728295 0.01
uR 367.436805 0.0 0.184821986 0.01
uR 370.72792 0.0 0.184259838 0.01
uR 374.018704 0.0 0.187382886 0.01
uR 377.309154 0.0 0.187289194 0.01
uR 380.599273 0.0 0.189381636 0.01
uR 383.889059 0.0 0.193129294 0.01
uR 387.178512 0.0 0.195315428 0.01
uR 390.467634 0.0 0.198813242 0.01
uR 393.756422 0.0 0.202873204 0.01
uR 397.044879 0.0 0.209306683 0.01
uR 400.333003 0.0 0.215958776 0.01
uR 403.620794 0.0 0.225827608 0.01
uR 406.908253 0.0 0.235103061 0.01
uR 410.19538 0.0 0.244378513 0.01
uR 413.482174 0.0 0.252810743 0.01
uR 416.768636 0.0 0.261399126 0.01
uR 420.054765 0.0 0.27076827 0.01
uR 423.340563 0.0 0.279544035 0.01
uR 426.626027 0.0 0.287945034 0.01
uR 429.911159 0.0 0.295284197 0.01
uR 433.195959 0.0 0.301998751 0.01
uR 436.480426 0.0 0.308744535 0.01
uR 439.764561 0.0 0.313179263 0.01
uR 443.048364 0.0 0.318425984 0.01
uR 446.331834 0.0 0.322548407 0.01
uR 449.614972 0.0 0.325608994 0.01
uR 452.897777 0.0 0.327076827 0.01
uR 456.18025 0.0 0.3292005 0.01
uR 459.46239 0.0 0.329544035 0.01
uR 462.744198 0.0 0.329762648 0.01
uR 466.025674 0.0 0.329950031 0.01
uR 469.306817 0.0 0.328856964 0.01
uR 472.587628 0.0 0.327670206 0.01
uR 475.868106 0.0 0.32598376 0.01
uR 479.148252 0.0 0.323329169 0.01
uR 482.428066 0.0 0.321299188 0.01
uR 485.707547 0.0 0.319269207 0.01
uR 488.986696 0.0 0.316770768 0.01
uR 492.265512 0.0 0.314397252 0.01
uR 495.543996 0.0 0.312398501 0.01
uR 498.822147 0.0 0.309868832 0.01
uR 502.099966 0.0 0.308057464 0.01
uR 505.377453 0.0 0.306371018 0.01
uR 508.654607 0.0 0.305590256 0.01
uR 511.931429 0.0 0.303404122 0.01
uR 515.207918 0.0 0.303591505 0.01
uR 518.484075 0.0 0.302904435 0.01
uR 521.7599 0.0 0.302873204 0.01
uR 525.035392 0.0 0.303060587 0.01
uR 528.310551 0.0 0.303716427 0.01
uR 531.585379 0.0 0.305340412 0.01
uR 534.859874 0.0 0.30649594 0.01
uR 538.134036 0.0 0.309650219 0.01
uR 541.407866 0.0 0.311524047 0.01
uR 544.681364 0.0 0.313803873 0.01
uR 547.954529 0.0 0.317707683 0.01
uR 551.227362 0.0 0.321236727 0.01
uR 554.499862 0.0 0.324453467 0.01
uR 557.77203 0.0 0.327826359 0.01
uR 561.043866 0.0 0.331980012 0.01
uR 564.315369 0.0 0.335821362 0.01
uR 567.58654 0.0 0.33963148 0.01
uR 570.857378 0.0 0.343597751 0.01
uR 574.127884 0.0 0.348407245 0.01
uR 577.398057 0.0 0.3532792 0.01
uR 580.667898 0.0 0.355465334 0.01
uR 583.937407 0.0 0.36039975 0.01
uR 587.206583 0.0 0.364116177 0.01
uR 590.475427 0.0 0.369331668 0.01
uR 593.743938 0.0 0.372485946 0.01
uR 597.012117 0.0 0.376483448 0.01
uR 600.279964 0.0 0.38051218 0.01
uR 603.547478 0.0 0.384697064 0.01
uR 606.81466 0.0 0.38763273 0.01
uR 610.081509 0.0 0.390193629 0.01
uR 613.348026 0.0 0.394253592 0.01
uR 616.61421 0.0 0.396346034 0.01
uR 619.880062 0.0 0.400718301 0.01
uR 623.145582 0.0 0.400687071 0.01
uR 626.410769 0.0 0.403310431 0.01
uR 629.675624 0.0 0.405309182 0.01
uR 632.940147 0.0 0.406089944 0.01
uR 636.204337 0.0 0.407214241 0.01
uR 639.468194 0.0 0.408151156 0.01
uR 642.731719 0.0 0.408026234 0.01
uR 645.994912 0.0 0.409306683 0.01
uR 649.257772 0.0 0.410493442 0.01
uR 652.5203 0.0 0.41105559 0.01
uR 655.782496 0.0 0.411648969 0.01
uR 659.044359 0.0 0.411586508 0.01
uR 662.305889 0.0 0.412148657 0.01
uR 665.567088 0.0 0.41233604 0.01
uR 668.827954 0.0 0.411836352 0.01
uR 672.088487 0.0 0.411961274 0.01
uR 675.348688 0.0 0.413085572 0.01
uR 678.608556 0.0 0.410899438 0.01
uR 681.868093 0.0 0.409806371 0.01
uR 685.127296 0.0 0.408650843 0.01
uR 688.386168 0.0 0.407838851 0.01
uR 691.644707 0.0 0.406964397 0.01
uR 694.902913 0.0 0.404778264 0.01
uR 698.160787 0.0 0.403060587 0.01
uR 701.418329 0.0 0.402810743 0.01
uR 704.675538 0.0 0.400593379 0.01
uR 707.932415 0.0 0.397876327 0.01
uR 711.188959 0.0 0.396189881 0.01
uR 714.445171 0.0 0.394378513 0.01
uR 717.701051 0.0 0.39219238 0.01
uR 720.956598 0.0 0.391224235 0.01
uR 724.211813 0.0 0.388632105 0.01
uR 727.466695 0.0 0.386071205 0.01
uR 730.721245 0.0 0.384291068 0.01
uR 733.975463 0.0 0.382011243 0.01
uR 737.229348 0.0 0.380043723 0.01
uR 740.4829 0.0 0.378263585 0.01
uR 743.736121 0.0 0.376702061 0.01
uR 746.989009 0.0 0.373828857 0.01
uR 750.241564 0.0 0.371486571 0.01
uR 753.493787 0.0 0.369300437 0.01
uR 756.745678 0.0 0.368144909 0.01
uR 759.997236 0.0 0.3649594 0.01
uR 763.248462 0.0 0.363554029 0.01
uR 766.499355 0.0 0.360774516 0.01
uR 769.749916 0.0 0.358525921 0.01
uR 773.000144 0.0 0.356027483 0.01
uR 776.25004 0.0 0.353560275 0.01
uR 779.499604 0.0 0.351717676 0.01
uR 782.748835 0.0 0.349250468 0.01
uR 785.997734 0.0 0.346158651 0.01
uR 789.246301 0.0 0.344628357 0.01
uR 792.494535 0.0 0.341817614 0.01
uR 795.742436 0.0 0.339194254 0.01
uR 798.990006 0.0 0.337507808 0.01
uR 802.237242 0.0 0.335352904 0.01
uR 805.484147 0.0 0.333666458 0.01
uR 808.730719 0.0 0.331886321 0.01
uR 811.976958 0.0 0.329575265 0.01
uR 815.222865 0.0 0.328607121 0.01
uR 818.46844 0.0 0.326733292 0.01
uR 821.713682 0.0 0.325608994 0.01
uR 824.958592 0.0 0.324797002 0.01
uR 828.20317 0.0 0.321267958 0.01
uR 831.447415 0.0 0.320580887 0.01
uR 834.691327 0.0 0.318675828 0.01
uR 837.934907 0.0 0.318269831 0.01
uR 841.178155 0.0 0.316083698 0.01
uR 844.42107 0.0 0.314553404 0.01
uR 847.663653 0.0 0.313023111 0.01
uR 850.905904 0.0 0.311961274 0.01
uR 854.147822 0.0 0.310274828 0.01
uR 857.389408 0.0 0.3091193 0.01
uR 860.630661 0.0 0.308182386 0.01
uR 863.871582 0.0 0.307307933 0.01
uR 867.11217 0.0 0.307058089 0.01
uR 870.352426 0.0 0.304434728 0.01
uR 873.59235 0.0 0.305028107 0.01
uR 876.831941 0.0 0.304091193 0.01
uR 880.0712 0.0 0.304653342 0.01
uR 883.310126 0.0 0.303810119 0.01
uR 886.54872 0.0 0.30259213 0.01
uR 889.786982 0.0 0.302154903 0.01
uR 893.024911 0.0 0.301155528 0.01
uR 896.262508 0.0 0.302061212 0.01
uR 899.499772 0.0 0.301530294 0.01
uR 902.736704 0.0 0.300718301 0.01
uR 905.973303 0.0 0.3 0.01
uR 909.209571 0.0 0.300437227 0.01
uR 912.445505 0.0 0.301061836 0.01
uR 915.681107 0.0 0.300749532 0.01
uR 918.916377 0.0 0.300874453 0.01
uR 922.151315 0.0 0.298969394 0.01
uR 925.38592 0.0 0.299437851 0.01
uR 928.620192 0.0 0.299656465 0.01
uR 931.854132 0.0 0.296814491 0.01
uR 935.08774 0.0 0.302186134 0.01
uR 938.321015 0.0 0.29737664 0.01
uR 941.553958 0.0 0.302029981 0.01
uR 944.786569 0.0 0.301249219 0.01
uR 948.018847 0.0 0.300281074 0.01
