STM Crolles data; Norm= 32020
nm
uR 350.97624 0.0 0.193441599 0.01
uR 354.269018 0.0 0.204934416 0.01
uR 357.561463 0.0 0.207713929 0.01
uR 360.853576 0.0 0.213678951 0.01
uR 364.145357 0.0 0.215240475 0.01
uR 367.436805 0.0 0.219675203 0.01
uR 370.72792 0.0 0.227076827 0.01
uR 374.018704 0.0 0.229356652 0.01
uR 377.309154 0.0 0.232542161 0.01
uR 380.599273 0.0 0.233697689 0.01
uR 383.889059 0.0 0.230824485 0.01
uR 387.178512 0.0 0.226420987 0.01
uR 390.467634 0.0 0.223828857 0.01
uR 393.756422 0.0 0.218988132 0.01
uR 397.044879 0.0 0.21492817 0.01
uR 400.333003 0.0 0.214647096 0.01
uR 403.620794 0.0 0.213554029 0.01
uR 406.908253 0.0 0.213835103 0.01
uR 410.19538 0.0 0.216396002 0.01
uR 413.482174 0.0 0.218644597 0.01
uR 416.768636 0.0 0.222610868 0.01
uR 420.054765 0.0 0.228263585 0.01
uR 423.340563 0.0 0.235633979 0.01
uR 426.626027 0.0 0.242410993 0.01
uR 429.911159 0.0 0.251186758 0.01
uR 433.195959 0.0 0.25971268 0.01
uR 436.480426 0.0 0.268707058 0.01
uR 439.764561 0.0 0.277076827 0.01
uR 443.048364 0.0 0.286570893 0.01
uR 446.331834 0.0 0.295346658 0.01
uR 449.614972 0.0 0.303841349 0.01
uR 452.897777 0.0 0.311086821 0.01
uR 456.18025 0.0 0.318457214 0.01
uR 459.46239 0.0 0.32532792 0.01
uR 462.744198 0.0 0.330605871 0.01
uR 466.025674 0.0 0.335946284 0.01
uR 469.306817 0.0 0.339850094 0.01
uR 472.587628 0.0 0.342723298 0.01
uR 475.868106 0.0 0.345690194 0.01
uR 479.148252 0.0 0.347564022 0.01
uR 482.428066 0.0 0.34934416 0.01
uR 485.707547 0.0 0.349687695 0.01
uR 488.986696 0.0 0.350124922 0.01
uR 492.265512 0.0 0.350374766 0.01
uR 495.543996 0.0 0.350249844 0.01
uR 498.822147 0.0 0.348938164 0.01
uR 502.099966 0.0 0.347470331 0.01
uR 505.377453 0.0 0.345409119 0.01
uR 508.654607 0.0 0.345190506 0.01
uR 511.931429 0.0 0.341005621 0.01
uR 515.207918 0.0 0.338819488 0.01
uR 518.484075 0.0 0.336477202 0.01
uR 521.7599 0.0 0.333916302 0.01
uR 525.035392 0.0 0.331636477 0.01
uR 528.310551 0.0 0.329106808 0.01
uR 531.585379 0.0 0.326826983 0.01
uR 534.859874 0.0 0.324609619 0.01
uR 538.134036 0.0 0.323079325 0.01
uR 541.407866 0.0 0.323204247 0.01
uR 544.681364 0.0 0.320612117 0.01
uR 547.954529 0.0 0.320549656 0.01
uR 551.227362 0.0 0.319519051 0.01
uR 554.499862 0.0 0.320237352 0.01
uR 557.77203 0.0 0.319800125 0.01
uR 561.043866 0.0 0.320299813 0.01
uR 564.315369 0.0 0.321611493 0.01
uR 567.58654 0.0 0.322173641 0.01
uR 570.857378 0.0 0.32339163 0.01
uR 574.127884 0.0 0.325577764 0.01
uR 577.398057 0.0 0.326920675 0.01
uR 580.667898 0.0 0.329606496 0.01
uR 583.937407 0.0 0.3324797 0.01
uR 587.206583 0.0 0.335290443 0.01
uR 590.475427 0.0 0.338194878 0.01
uR 593.743938 0.0 0.341817614 0.01
uR 597.012117 0.0 0.344909432 0.01
uR 600.279964 0.0 0.348594628 0.01
uR 603.547478 0.0 0.35193629 0.01
uR 606.81466 0.0 0.355496565 0.01
uR 610.081509 0.0 0.359275453 0.01
uR 613.348026 0.0 0.362554653 0.01
uR 616.61421 0.0 0.367457839 0.01
uR 619.880062 0.0 0.370237352 0.01
uR 623.145582 0.0 0.372923173 0.01
uR 626.410769 0.0 0.377108057 0.01
uR 629.675624 0.0 0.379825109 0.01
uR 632.940147 0.0 0.381917552 0.01
uR 636.204337 0.0 0.384603373 0.01
uR 639.468194 0.0 0.38703935 0.01
uR 642.731719 0.0 0.388913179 0.01
uR 645.994912 0.0 0.392098688 0.01
uR 649.257772 0.0 0.394565896 0.01
uR 652.5203 0.0 0.396439725 0.01
uR 655.782496 0.0 0.398625859 0.01
uR 659.044359 0.0 0.400499688 0.01
uR 662.305889 0.0 0.402935665 0.01
uR 665.567088 0.0 0.404497189 0.01
uR 668.827954 0.0 0.405621487 0.01
uR 672.088487 0.0 0.407901312 0.01
uR 675.348688 0.0 0.408931918 0.01
uR 678.608556 0.0 0.408900687 0.01
uR 681.868093 0.0 0.410836977 0.01
uR 685.127296 0.0 0.410899438 0.01
uR 688.386168 0.0 0.4116802 0.01
uR 691.644707 0.0 0.411898813 0.01
uR 694.902913 0.0 0.411524047 0.01
uR 698.160787 0.0 0.41233604 0.01
uR 701.418329 0.0 0.412492192 0.01
uR 704.675538 0.0 0.411461587 0.01
uR 707.932415 0.0 0.410587133 0.01
uR 711.188959 0.0 0.409025609 0.01
uR 714.445171 0.0 0.409462836 0.01
uR 717.701051 0.0 0.408619613 0.01
uR 720.956598 0.0 0.408369769 0.01
uR 724.211813 0.0 0.406808245 0.01
uR 727.466695 0.0 0.405652717 0.01
uR 730.721245 0.0 0.404965646 0.01
uR 733.975463 0.0 0.403435353 0.01
uR 737.229348 0.0 0.402529669 0.01
uR 740.4829 0.0 0.400999375 0.01
uR 743.736121 0.0 0.39937539 0.01
uR 746.989009 0.0 0.39740787 0.01
uR 750.241564 0.0 0.394753279 0.01
uR 753.493787 0.0 0.395128045 0.01
uR 756.745678 0.0 0.392723298 0.01
uR 759.997236 0.0 0.39153654 0.01
uR 763.248462 0.0 0.390224859 0.01
uR 766.499355 0.0 0.387788882 0.01
uR 769.749916 0.0 0.384884447 0.01
uR 773.000144 0.0 0.38313554 0.01
uR 776.25004 0.0 0.380637102 0.01
uR 779.499604 0.0 0.378044972 0.01
uR 782.748835 0.0 0.376171143 0.01
uR 785.997734 0.0 0.373048095 0.01
uR 789.246301 0.0 0.370049969 0.01
uR 792.494535 0.0 0.368363523 0.01
uR 795.742436 0.0 0.365396627 0.01
uR 798.990006 0.0 0.363491568 0.01
uR 802.237242 0.0 0.360462211 0.01
uR 805.484147 0.0 0.358931918 0.01
uR 808.730719 0.0 0.355777639 0.01
uR 811.976958 0.0 0.3532792 0.01
uR 815.222865 0.0 0.351748907 0.01
uR 818.46844 0.0 0.348938164 0.01
uR 821.713682 0.0 0.347532792 0.01
uR 824.958592 0.0 0.344971893 0.01
uR 828.20317 0.0 0.342723298 0.01
uR 831.447415 0.0 0.340162399 0.01
uR 834.691327 0.0 0.338538413 0.01
uR 837.934907 0.0 0.335290443 0.01
uR 841.178155 0.0 0.333198001 0.01
uR 844.42107 0.0 0.330730793 0.01
uR 847.663653 0.0 0.329606496 0.01
uR 850.905904 0.0 0.327701437 0.01
uR 854.147822 0.0 0.32529669 0.01
uR 857.389408 0.0 0.322673329 0.01
uR 860.630661 0.0 0.321236727 0.01
uR 863.871582 0.0 0.320737039 0.01
uR 867.11217 0.0 0.318582136 0.01
uR 870.352426 0.0 0.31561524 0.01
uR 873.59235 0.0 0.314896939 0.01
uR 876.831941 0.0 0.313179263 0.01
uR 880.0712 0.0 0.313148032 0.01
uR 883.310126 0.0 0.309400375 0.01
uR 886.54872 0.0 0.310337289 0.01
uR 889.786982 0.0 0.30646471 0.01
uR 893.024911 0.0 0.304996877 0.01
uR 896.262508 0.0 0.305683948 0.01
uR 899.499772 0.0 0.302873204 0.01
uR 902.736704 0.0 0.302342286 0.01
uR 905.973303 0.0 0.300281074 0.01
uR 909.209571 0.0 0.300530918 0.01
uR 912.445505 0.0 0.299937539 0.01
uR 915.681107 0.0 0.300468457 0.01
uR 918.916377 0.0 0.297282948 0.01
uR 922.151315 0.0 0.300780762 0.01
uR 925.38592 0.0 0.296314803 0.01
uR 928.620192 0.0 0.298251093 0.01
uR 931.854132 0.0 0.296314803 0.01
uR 935.08774 0.0 0.294909432 0.01
uR 938.321015 0.0 0.294440974 0.01
uR 941.553958 0.0 0.295377889 0.01
uR 944.786569 0.0 0.298532167 0.01
uR 948.018847 0.0 0.298969394 0.01
