;Experimental Spectrum (Polarization=): Lot "fin_q128mib" (298); Slot #10; Wafer "??" [9/21/11 1:07:27 PM]; MS Site #1; Die #5, ColRow[-3,1]; Region Measurement Point #1; Point: (-80264, 1994) - absolute; (3570, 40) - from die left-bottom corner; Focus Z: 4104 counts; MetrologyRecipe: "PROD\055\055PMD-TBOX4";
0
0
0
0
0
0
0
0
0
0
0
0
0
0
4902
5230
5524
5842
6157
6540
6934
7342
7650
7914
8035
8043
8040
7969
7922
7829
7718
7602
7503
7403
7321
7289
7249
7291
7342
7435
7584
7764
7962
8192
8427
8690
8940
9244
9518
9766
9964
10175
10392
10587
10766
10927
11070
11188
11310
11380
11489
11510
11523
11524
11507
11495
11439
11442
11345
11315
11262
11188
11143
11054
11016
10891
10861
10790
10692
10678
10636
10585
10569
10530
10491
10495
10529
10538
10574
10598
10656
10720
10754
10840
10929
10974
11085
11148
11248
11341
11419
11469
11535
11638
11711
11825
11921
12002
12100
12155
12244
12324
12393
12493
12534
12637
12651
12703
12786
12810
12841
12865
12876
12912
12899
12925
12933
12940
12946
12935
12951
12941
12941
12917
12910
12876
12854
12834
12793
12787
12756
12690
12704
12660
12590
12525
12460
12407
12327
12245
12165
12129
12050
11988
11904
11875
11778
11731
11634
11584
11464
11404
11317
11319
11191
11135
11068
10981
10925
10808
10747
10717
10591
10525
10500
10447
10364
10351
10265
10237
10194
10019
10036
9940
9902
9856
9780
9710
9657
9723
9660
9667
9532
9582
9500
9509
9474
9351
0
0
0
0
0
0
0
0
0
0
0
0
0
0
0
0
0
0
0
0
0
0
0
0
0
0
0
0
0
0
0
0
0
0
0
0
0
0
0
0
0
0
0
0
0
0
0
0
0
0
0
0
0
0
0
0
0
0
301.5446839 3.297930197 -0.0001662079439 0 0
