;Experimental Spectrum (Polarization=): Lot "q125pap-fin" (295); Slot #10; Wafer "??" [9/21/11 4:22:53 AM]; MS Site #1; Die #9, ColRow[4,-2]; Region Measurement Point #1; Point: (87804, -95064) - absolute; (3574, 53) - from die left-bottom corner; Focus Z: 2938 counts; MetrologyRecipe: "PROD\055\055PMD-TBOX4";
0
0
0
0
0
0
0
0
0
0
0
0
0
0
4447
4643
4890
5206
5526
5910
6302
6716
7134
7452
7652
7799
7845
7851
7875
7826
7763
7681
7592
7491
7398
7309
7247
7212
7217
7250
7316
7424
7567
7763
7947
8203
8418
8677
8946
9208
9429
9636
9873
10108
10300
10491
10674
10820
10985
11116
11195
11280
11352
11386
11395
11434
11434
11370
11374
11250
11300
11216
11218
11105
11080
10982
10941
10864
10807
10731
10703
10649
10619
10568
10507
10509
10491
10502
10508
10516
10540
10586
10614
10668
10703
10740
10848
10882
10945
11048
11111
11180
11267
11359
11430
11518
11628
11690
11790
11858
11974
12033
12102
12231
12268
12367
12420
12479
12543
12604
12638
12675
12729
12768
12774
12793
12850
12858
12868
12890
12901
12884
12868
12903
12926
12869
12887
12898
12879
12862
12826
12787
12761
12749
12685
12648
12579
12567
12485
12427
12354
12304
12249
12162
12134
12083
11985
11938
11886
11836
11712
11648
11569
11519
11484
11377
11319
11235
11179
11106
11021
10982
10873
10805
10735
10648
10621
10561
10484
10443
10341
10368
10221
10202
10162
10085
9971
9921
9929
9891
9788
9782
9735
9775
9700
9590
9664
9438
0
0
0
0
0
0
0
0
0
0
0
0
0
0
0
0
0
0
0
0
0
0
0
0
0
0
0
0
0
0
0
0
0
0
0
0
0
0
0
0
0
0
0
0
0
0
0
0
0
0
0
0
0
0
0
0
0
0
301.5446839 3.297930197 -0.0001662079439 0 0
