;Experimental Spectrum (Polarization=): Lot "q125pap-fin" (295); Slot #9; Wafer "??" [9/21/11 4:21:19 AM]; MS Site #1; Die #15, ColRow[-2,4]; Region Measurement Point #1; Point: (-56434, 98876) - absolute; (3573, 72) - from die left-bottom corner; Focus Z: 3500 counts; MetrologyRecipe: "PROD\055\055PMD-TBOX4";
0
0
0
0
0
0
0
0
0
0
0
0
0
0
4229
4334
4466
4643
4882
5279
5699
6203
6661
7084
7424
7683
7875
7977
8128
8185
8223
8200
8152
8074
7965
7856
7746
7641
7542
7505
7462
7451
7470
7534
7634
7777
7920
8134
8342
8562
8774
8978
9223
9485
9693
9908
10168
10386
10559
10762
10931
11082
11181
11296
11427
11485
11484
11549
11551
11605
11571
11636
11568
11564
11523
11466
11402
11360
11268
11198
11156
11092
11037
10949
10868
10817
10779
10742
10708
10658
10676
10640
10647
10657
10665
10660
10716
10731
10772
10792
10832
10894
10954
10972
11082
11104
11200
11290
11381
11434
11529
11603
11690
11784
11860
11942
12005
12057
12150
12216
12259
12323
12368
12428
12473
12498
12556
12588
12623
12644
12685
12715
12731
12736
12789
12775
12800
12814
12802
12806
12782
12806
12753
12760
12709
12673
12626
12608
12552
12526
12439
12413
12375
12318
12276
12258
12176
12122
12063
12035
11941
11837
11825
11787
11700
11638
11561
11474
11423
11353
11242
11196
11133
11070
10966
10993
10856
10837
10705
10659
10578
10565
10460
10466
10331
10262
10289
10150
10130
10039
10000
9936
9955
9867
9876
9877
9794
9738
0
0
0
0
0
0
0
0
0
0
0
0
0
0
0
0
0
0
0
0
0
0
0
0
0
0
0
0
0
0
0
0
0
0
0
0
0
0
0
0
0
0
0
0
0
0
0
0
0
0
0
0
0
0
0
0
0
0
301.5446839 3.297930197 -0.0001662079439 0 0
