;Experimental Spectrum (Polarization=): Lot "q125pap-fin" (295); Slot #9; Wafer "??" [9/21/11 4:21:19 AM]; MS Site #1; Die #12, ColRow[-4,-2]; Region Measurement Point #1; Point: (-104513, -95501) - absolute; (3570, 22) - from die left-bottom corner; Focus Z: 3232 counts; MetrologyRecipe: "PROD\055\055PMD-TBOX4";
0
0
0
0
0
0
0
0
0
0
0
0
0
0
4614
4570
4630
4689
4890
5168
5591
6072
6567
7014
7423
7764
8051
8283
8520
8679
8784
8844
8880
8838
8770
8681
8565
8453
8312
8218
8116
8040
7976
7958
7959
8017
8078
8182
8329
8504
8654
8830
9057
9312
9538
9749
9972
10241
10438
10646
10869
11045
11183
11337
11487
11570
11646
11740
11770
11842
11884
11912
11891
11873
11876
11820
11788
11723
11663
11593
11541
11484
11442
11353
11241
11191
11142
11075
11040
10963
10927
10870
10837
10795
10769
10731
10732
10732
10735
10754
10761
10766
10805
10817
10887
10919
11000
11068
11129
11181
11258
11332
11402
11511
11573
11657
11723
11800
11888
11935
12011
12082
12141
12208
12247
12303
12361
12423
12442
12481
12536
12566
12587
12617
12671
12678
12703
12735
12746
12761
12743
12757
12739
12771
12748
12723
12692
12683
12648
12617
12563
12542
12506
12462
12399
12400
12322
12272
12195
12191
12104
12040
12007
12021
11889
11845
11754
11740
11656
11579
11515
11439
11373
11307
11262
11183
11094
11088
10960
10930
10807
10810
10692
10616
10553
10501
10428
10319
10300
10307
10170
10153
10055
9991
9952
9943
9913
9818
0
0
0
0
0
0
0
0
0
0
0
0
0
0
0
0
0
0
0
0
0
0
0
0
0
0
0
0
0
0
0
0
0
0
0
0
0
0
0
0
0
0
0
0
0
0
0
0
0
0
0
0
0
0
0
0
0
0
301.5446839 3.297930197 -0.0001662079439 0 0
