;Experimental Spectrum (Polarization=): Lot "q125pap-fin" (295); Slot #9; Wafer "??" [9/21/11 4:21:19 AM]; MS Site #1; Die #11, ColRow[-2,-3]; Region Measurement Point #1; Point: (-56429, -127890) - absolute; (3578, 22) - from die left-bottom corner; Focus Z: 3166 counts; MetrologyRecipe: "PROD\055\055PMD-TBOX4";
0
0
0
0
0
0
0
0
0
0
0
0
0
0
4581
4844
5139
5426
5770
6174
6658
7091
7512
7833
8058
8178
8259
8265
8299
8243
8177
8085
7982
7877
7753
7650
7563
7525
7506
7533
7600
7680
7805
7970
8188
8407
8639
8886
9143
9409
9633
9842
10083
10326
10540
10718
10886
11076
11216
11334
11412
11533
11556
11597
11640
11649
11595
11599
11545
11491
11453
11439
11343
11262
11225
11130
11039
10982
10903
10848
10774
10761
10714
10648
10579
10559
10555
10566
10582
10571
10604
10633
10660
10689
10750
10783
10846
10939
10993
11067
11118
11204
11304
11341
11464
11529
11632
11753
11814
11892
11986
12066
12167
12243
12305
12405
12457
12510
12612
12638
12697
12741
12766
12819
12840
12870
12901
12906
12904
12911
12929
12956
12949
12933
12952
12935
12934
12934
12897
12899
12840
12827
12776
12777
12731
12686
12629
12603
12538
12489
12395
12357
12293
12187
12141
12098
12004
11950
11852
11821
11725
11648
11582
11568
11477
11395
11299
11268
11184
11140
11029
10953
10904
10828
10779
10680
10606
10568
10474
10431
10358
10254
10226
10158
10081
10001
10018
9874
9889
9855
9729
9701
9708
9599
9582
9588
9532
9416
0
0
0
0
0
0
0
0
0
0
0
0
0
0
0
0
0
0
0
0
0
0
0
0
0
0
0
0
0
0
0
0
0
0
0
0
0
0
0
0
0
0
0
0
0
0
0
0
0
0
0
0
0
0
0
0
0
0
301.5446839 3.297930197 -0.0001662079439 0 0
