dispers-library 12
library-id "nit-tl-1"
  tauc-lorentz "Nitride TL"
  range 190 1000
  1 1 1 4.25 3.5 9.2 8
library-id "nit-ho-1" ho "Nitride HO"
  range 190 1000
  2
  199.662 14.0451 0 0.333333 0
  1.37061 6.35081 1.17056 0.333333 -0.240491
library-id "sio2-tl-1"
  tauc-lorentz "Oxide TL"
  range 240 800
  1 1 1.23 7.25 14.85 12.1 3
library-id "sio2-ho"
  ho "Thermal SiO2 HO"
  range 240 800
  1 143.747 15.6982 0 0.3333 0
library-id "asi-tl-1"
  tauc-lorentz "amorphous Si TL"
  range 190 1000
  1 1 0.432417 1.40575 24.4573 3.20992 3.88915
library-id "si-ho-1"
  ho "Silicon UV-SE HO4"
  range 240 800
  5
  270.849 15.7 0 0.333333 0
  6.78719 3.36558 0.230436 0 -0.716806
  19.3944 4.27732 0.449597 0 0.238493
  35.0451 6.44256 1.18419 0 1.61343
  20.5961 3.69558 0.945169 0 -0.548917
library-id "si-ho-2"
  ho "Silicon DUV-SE HO5"
  range 190 1000
  6
  149.89 15.7 0 0.333333 0
  10.0779 3.36397 0.229486 0 -0.745292
  27.7017 4.27496 0.434582 0 0.207918
  82.0463 6.94048 6.02437 0 1.15504
  36.32 3.70397 1.03053 0 -0.592312
  3.62445 5.29562 0.558425 0 -0.0232686
library-id "si-ho-3"
  ho "Silicon DUV-SE HO6"
  range 190 1000
  7
  115.226 11.8744 0 0.333333 0
  8.2169 3.36288 0.226778 0 -0.756372
  25.0685 4.31979 0.442309 0 0.334498
  54.7859 6.17683 4.21548 0 0.974163
  28.1122 3.65434 1.06115 0 -0.752933
  2.20743 5.37356 0.508346 0 0.581503
  2.14285 4.33586 0.189064 0 2.55956
library-id "tin-ho-1"
  ho "TiN HO"
  range 250 800
  3
  465.535 15.7 16.3261 0.333333 -0.0922479
  1.49979 0 0 0.333333 0.274414
  2.52166 1.67022 1.15519 0.333333 -7.13644
library-id "tin-ho-2"
  ho "TiN HO DSE"
  range 190 1000
  3
  402.083 14.4716 17.2319 0.333333 -0.0974734
  5.78313 0 4.40302 0.333333 1.39012
  2.29427 1.55968 1.09569 0.333333 -6.99969
library-id "copper-ho-1"
  ho "Copper HO"
  range 190 1000
  5
  64.3688 0 0.224816 0 0.192398
  2.594 2.22433 0.379776 0 -1.65989
  767.987 9.32428 31.4438 0 -0.24459
  51.4375 6.41494 3.32899 0 2.32419
  5.01839 4.56509 1.08323 0 4.73722
library-id "aluminium-ho-1"
ho "Aluminium HO"
  range 190 1000
  3
  106.818 0 0.168007 0 0.0415207
  19.3275 1.52659 1.12463 0 -0.257925
  6.41002 1.5015 0.30881 0 -0.62587
